test
0.781796
-0.0300528
0.824264
-0.0567173
-0.900876
-0.0747045
0.00791221
-0.410763
1.39119
-0.985066
-0.0489405
-1.44334
-1.06067
-1.3883
0.767397
-0.73603
0.579721
-0.382134
2.0609
-1.23482
1.16534
-0.454202
-0.134771
-0.499639
-0.182436
1.84431
-0.242848
1.99686
0.00480608
-0.422179
1.54053
0.0947428
1.52469
1.21675
-0.136309
-0.199216
-0.293764
-0.118358
-1.16029
0.0123621
0.022064
-0.0712527
-1.32162
1.74433
-0.332377
-0.247273
-1.18022
-1.19043
-2.00976
1.33837
0.488171
0.29636
0.243913
-1.09234
-0.599093
-0.787927
-2.58014
-1.21648
-1.24328
-0.237882
1.80041
-0.468877
-2.23658
-0.2986
1.781
-0.886005
0.256406
-0.36851
-0.715546
-0.386822
-0.301028
-0.127314
0.85312
0.455156
-0.0311154
1.19905
0.35927
-0.558559
0.932454
1.39053
0.978696
-0.894647
0.277891
-0.752649
-0.616814
-1.29853
0.98646
0.303079
-1.48519
1.34417
0.220407
-0.178358
-0.331919
0.368215
-0.44953
1.50734
-0.0416015
0.0820309
1.11332
0.920656
-1.40534
0.307088
-0.311073
-0.612029
1.85081
0.0339946
-0.0927705
-0.473643
0.838286
-1.67212
-1.99538
0.457955
-1.93049
-1.02364
-0.626415
-0.115953
-0.595959
0.858529
-2.21451
-0.185955
-0.735913
-0.310892
0.80957
-1.56187
1.26095
-0.360893
1.11778
0.37235
-0.0193542
-0.908313
-1.42474
1.41024
-1.03956
-0.230762
-1.74797
-1.23579
0.195894
-0.43494
1.12832
-0.318535
-0.490478
-2.49433
-0.266397
2.23935
-0.316494
-0.154413
0.915886
-0.25313
-0.829932
-0.319079
0.815482
-0.660494
0.0513476
0.642922
-0.409432
-0.359774
-0.743247
0.805924
-0.329886
0.800904
0.238605
0.821535
0.939014
1.31018
-2.26205
-0.706795
-0.274449
1.85149
1.35004
-0.494947
-1.44192
-1.95866
2.0218
0.601559
-0.0801795
-1.8354
0.0117033
-1.38197
-0.747679
-0.364351
-2.20313
1.3643
-0.601697
-2.43384
-0.46625
0.305852
-0.236389
-0.693531
-0.365024
-0.841824
-1.63874
1.01764
-0.761875
-0.497032
-0.674345
2.22472
0.520461
0.05561
-0.656914
-1.54202
-1.77295
-0.246216
0.473401
0.999887
-0.0340411
-2.40078
0.597109
1.04657
-0.0783231
-1.0736
0.0750874
0.327829
-1.16369
-0.695047
0.0632252
0.221834
-1.24473
0.15038
0.307198
-0.522556
0.987307
1.21589
0.367113
-1.06672
-0.213285
0.0179563
-1.60095
-0.352507
0.229504
0.203557
1.92496
0.0943062
0.398519
1.34952
0.775236
-0.839722
-0.196446
0.296677
-1.15407
0.770708
-0.150694
0.841581
-1.26406
2.12661
1.09076
0.191462
0.869862
0.998854
0.781628
-1.01341
1.6519
2.16074
0.546249
1.18619
-0.843034
0.00580679
0.237723
-0.930116
1.02119
-1.0001
0.583372
-0.0347054
1.24656
1.1343
-2.08571
-0.463452
-1.09561
0.427762
-0.359693
-0.631248
0.590501
-0.383319
0.397869
0.216987
1.3177
1.27417
0.547328
6.89391e-05
1.30227
0.388746
0.0716104
-0.302243
-0.0768486
0.737305
-0.384686
1.22435
-0.757972
-1.44123
0.0385396
0.218246
0.287521
-0.771319
0.183005
0.844343
1.00689
-0.0499377
-1.79157
0.0652298
0.311403
0.659765
0.279283
-1.53427
-0.386949
0.0364979
-0.380463
-2.42905
2.33605
0.657143
-1.24243
0.860224
-0.250403
1.73961
-1.47638
0.420664
-1.12069
2.28128
0.971493
1.47027
0.603669
1.36573
-1.53239
1.49537
-0.703512
-2.38532
0.396397
0.307275
-0.355178
0.794081
1.76653
0.721216
1.03031
-1.40776
0.291856
-0.996897
-2.2073
-0.314966
0.424675
-1.66478
1.09555
-1.43471
0.099944
1.21405
2.70767
0.630685
-0.344343
-1.28503
1.83886
-0.383246
0.468597
1.42268
1.02705
0.515901
-0.291433
-0.835996
-0.27826
-0.472014
-1.15773
0.433947
-0.0565173
0.0397038
0.336018
0.532957
0.0631133
2.37072
-1.63135
-0.337537
-1.46567
0.948835
-0.0107259
-0.0389071
0.553018
-1.16124
-1.45396
2.10217
-1.04767
0.0624615
1.24504
-2.63239
1.31485
0.281733
0.738213
0.279377
-2.94306
0.0774102
-1.01385
0.351094
0.666588
-0.619799
-0.094824
1.01939
0.929115
-0.416826
-1.65228
0.00647685
0.0180327
-0.0790575
-0.785657
-0.169966
0.921704
0.0357565
0.356158
0.868259
-0.0433791
-1.7588
0.101641
0.100196
0.46472
-0.685784
-0.767445
-0.03724
-0.0472922
-0.87904
0.499849
-1.68246
-0.888733
1.42239
0.469859
-0.0807489
1.71016
0.274207
-0.77061
-0.186878
-0.470057
1.05661
0.860146
-1.35057
1.0307
-0.783723
0.35723
-0.0801188
-0.620453
-0.314389
-0.626507
0.33131
-1.06055
-1.25057
1.25168
1.21153
1.23624
-0.454923
0.0576147
-1.18864
0.729466
-0.300636
1.24145
-0.478705
-0.271033
-0.251512
0.0774766
1.82609
2.40439
0.51109
1.29151
2.10168
-0.723029
1.06224
0.831948
0.0553286
-1.20878
-3.79654
-0.948052
-0.247113
0.107996
-0.379835
0.8975
0.161025
0.384324
1.97933
-0.339576
0.15711
-0.414857
-1.82683
0.272841
-1.29143
-0.331937
-0.331079
-0.356841
1.67681
-0.515223
0.84347
0.969878
1.84003
1.25749
1.10591
-0.20541
-1.08967
-0.0390475
-0.329208
-0.203019
0.808554
-1.46468
0.73454
0.367405
-0.393722
0.454111
-0.436706
-1.61046
2.02143
-0.437933
-0.190226
-0.570724
-0.0944201
0.679017
-0.192382
0.557687
-0.372723
-1.50382
-2.65269
-0.536546
-0.742614
-0.532597
-0.11414
-0.482335
1.77142
0.617365
-0.099044
0.480248
0.0474224
0.158806
-0.584462
-0.848
0.385857
-2.14156
0.995763
-0.766521
1.26735
-0.559224
1.22034
0.200224
2.26099
-0.791149
0.829982
0.620005
-0.236107
2.5838
1.35282
-0.0101307
-0.227019
1.36043
-0.0266458
-1.09671
-0.948298
-0.583877
0.601683
1.19243
-0.617327
-1.77014
0.394199
-0.566269
0.404316
0.745376
-0.203287
1.71586
-1.61567
0.101695
-1.44282
-2.17635
0.518637
0.472776
1.1954
-0.868387
1.037
-0.689544
-0.802112
0.0748057
-1.08171
-1.56455
0.20121
-2.30352
-1.84296
-1.27299
1.6891
-1.27075
0.870441
0.221708
1.076
1.85737
1.90633
-0.332636
0.413012
-0.971636
-0.589035
0.923787
0.163059
-0.0865916
-0.773062
0.372867
-1.35948
-1.32572
0.184289
1.54926
-0.49493
0.160189
0.439157
0.722025
0.261866
1.72725
-0.061599
0.337621
-0.147489
-0.757003
-0.95125
0.211605
0.94579
0.212793
0.0063218
0.136128
1.29521
-0.857806
-1.82778
0.109931
-0.285097
0.849519
-0.998417
-0.0353262
1.00739
-0.648232
0.11148
0.878259
2.97663
-0.573837
-1.72961
-0.319798
-0.149782
-1.04207
0.173519
-0.10094
0.436441
-0.895146
-1.48331
1.25557
-1.14316
-0.0143538
-0.0673972
-0.261377
0.929198
1.39159
-1.00969
-0.0490718
-1.18616
0.729437
-0.0461258
1.85306
-0.155939
1.07381
-0.0365328
-0.0760726
3.39478
1.52553
-0.128563
-0.931563
-0.0360515
0.426654
-1.35731
1.72478
-0.42473
0.832698
-2.09921
0.251499
-0.172561
2.13303
0.196098
1.80561
-0.0750134
-0.542355
-0.417883
1.20549
0.670127
0.543271
2.13759
1.04699
-1.225
0.390757
0.852824
0.658426
1.05384
-0.438868
0.66315
1.19078
0.819434
2.31205
0.489128
1.32024
-0.133911
0.0850443
-0.440794
0.89192
-0.159114
0.743962
-0.151819
0.462892
0.906375
-1.57324
0.529716
1.41676
-0.334889
1.60435
-1.27513
1.128
2.31361
2.39117
0.775162
1.01877
1.20557
-0.46102
1.37031
1.59301
0.390992
0.12449
0.290368
-0.785603
0.387581
0.370159
-0.448015
2.56513
1.37115
-0.908426
0.889047
-0.366478
0.864575
-0.116821
-1.54073
-0.356999
-0.349442
1.0204
2.038
-0.309021
-0.0167529
-0.0735898
1.40197
0.183533
-1.00812
0.387427
-0.816695
1.52287
-2.11722
-1.97969
0.210462
0.199232
2.2979
-0.152663
0.60152
-0.532216
-0.807178
0.607525
0.0726087
0.0872655
-0.296566
-1.94488
0.331472
-0.0423338
-0.92324
-0.116085
-0.674211
1.30338
1.15898
-0.0728597
-0.837111
-0.114013
0.0926387
0.990198
-0.456199
1.5
0.788187
0.68689
-0.106824
-2.30514
1.21813
0.388924
-1.5159
0.55313
0.0692139
-1.22474
-0.754762
0.0371144
1.1391
-0.621974
-1.42533
-0.718345
-0.921788
-0.776692
-1.15251
1.24374
0.701582
-0.383242
-0.918249
1.41856
0.559449
0.848214
-0.274663
-0.375279
-0.630181
-0.29985
0.518261
0.034356
0.903262
-0.725987
0.526375
-0.353351
0.164219
0.0777357
-1.04485
0.271373
-0.715948
-1.66248
1.25376
-0.797973
-1.87052
-0.391429
1.20546
-0.799826
-1.69029
1.44156
0.0350496
-1.49256
1.09428
-0.442653
-0.198028
-0.865978
0.675671
-0.168376
1.50559
-0.748654
1.38581
-0.624355
-0.125054
-0.948787
0.893174
0.270922
1.06185
0.644327
1.82339
0.992474
1.67205
-0.87594
0.595877
-1.1675
0.257095
0.192149
-0.0317802
-0.986055
0.141799
1.13334
1.75912
2.85338
0.264453
-1.47843
0.0396093
-0.924243
-0.7831
2.22594
0.747617
-0.0535572
0.361795
0.363631
-1.33402
0.374543
0.928991
-1.15549
0.0506245
0.469259
-0.311168
-1.41584
1.81302
0.892873
-0.245999
0.0271604
-0.164589
-0.692112
-0.988851
1.77103
0.437051
-0.175117
-1.12825
2.51218
0.931496
-2.0202
-0.211745
0.411504
0.882347
1.1055
2.9686
-0.848276
1.41199
-0.514333
0.158686
-2.22044
-0.563946
-0.420026
-0.117647
-0.801033
-2.29545
-1.11243
0.559721
1.28574
-0.460517
0.565848
0.892328
0.0774735
0.687258
-0.282031
-1.94653
1.36204
-1.62642
-0.0223707
-0.174159
0.571749
0.656875
-0.305794
-0.247674
-0.582459
0.391558
1.83636
-0.803543
-0.534378
1.64412
-0.836231
-0.335963
-0.732061
-0.56019
-1.28047
1.41809
-0.717518
0.527508
-0.66066
0.779397
0.661542
1.66728
-1.03021
0.807282
0.383645
-1.41819
0.935221
0.112501
1.20367
0.640086
-0.0856761
-0.569828
-0.200055
-0.875331
0.259234
-1.46433
1.00969
-1.06373
-1.12748
-0.871826
-1.17579
0.762554
-0.403761
-0.420979
-0.857332
-0.625466
-0.630563
-0.98272
-0.355462
0.272563
1.38833
0.338677
0.594228
-0.715422
0.200474
0.830037
0.0729156
1.88587
0.729282
-0.651341
0.337212
0.442434
1.64769
0.380868
-1.3774
-0.0373069
1.09415
-0.596929
-0.152052
-0.585293
-1.87653
1.28088
-0.470286
-1.81703
1.52909
-1.79587
-2.59568
-1.29794
0.179933
1.16835
-0.889154
0.09791
1.47544
-1.57584
0.657484
1.28342
0.0663017
-0.517359
-0.828952
1.14741
-0.894767
0.829238
1.2061
-0.353206
1.85095
-0.905666
0.8758
0.903582
0.148477
1.71754
-0.525639
-1.17561
-0.29397
1.18615
-0.461541
0.660457
-0.188039
0.486704
-0.506405
1.22736
-0.262692
-1.02805
0.091012
-0.366134
-0.84431
0.298832
0.386646
-0.174351
0.482114
1.12891
0.683538
-0.890035
-0.593476
-0.677499
-0.526998
0.187118
0.952775
-1.43839
-0.857601
-0.0176559
-1.33989
-0.524923
-0.506641
-1.04082
0.339284
-0.52175
-0.0699197
0.89357
1.25056
0.566006
-0.149532
-0.177741
-0.0857935
1.62429
0.685155
0.981783
0.085084
1.42124
0.241448
-0.782454
-1.60556
0.711031
0.120857
-0.178502
-1.118
2.02723
-1.5434
-0.699649
-0.201301
0.759114
0.0269024
0.226469
-0.991754
0.195423
3.58933
-0.916117
0.187661
0.184401
0.350954
0.19304
-1.88201
0.649298
-0.403051
0.0444104
0.429027
-0.982144
-0.824916
0.440508
-0.246295
-0.257822
1.36119
-1.31711
-2.19522
1.09758
2.15821
0.869398
0.208006
0.981815
0.525871
1.26352
-0.563441
-0.0675908
0.954227
-0.353637
0.552215
-0.703287
0.686082
0.0950076
2.27953
1.12694
0.460587
0.0889891
0.942684
-0.985971
0.0127854
-0.33463
1.01049
-0.232106
1.3012
-1.89379
0.423267
0.857094
0.308703
-0.196649
-0.617884
0.271046
-0.317667
0.397164
-0.139697
-0.72403
-0.214687
-0.0651743
-0.533868
0.618115
0.690978
-0.084104
-2.0043
0.687023
1.58596
-0.101416
0.412432
-0.299922
0.301937
0.866689
-0.0526238
-0.503993
0.171842
-1.68462
0.224116
-0.119616
-0.534816
-0.2556
-1.9735
-1.53044
-2.08909
1.71757
-1.5966
-0.464745
-2.07462
2.04331
0.598121
-1.07147
-0.0798523
-0.765768
1.10302
-1.49279
-0.236609
0.320935
-0.743592
1.49895
0.743125
1.27306
0.515411
1.46522
0.266805
-0.877479
-0.172259
0.958198
-0.080186
0.562141
1.46216
-0.494641
-0.651729
-1.27558
0.492452
-0.206605
-0.264168
1.50307
-0.646197
1.86519
0.165806
-1.12227
-0.493984
0.481164
0.332941
-0.279286
-0.239996
-0.868594
-1.07537
0.899353
-0.566777
-1.71058
-0.430007
1.63115
-0.652335
0.29557
-0.47131
1.65537
-1.9998
0.883681
0.371303
0.507073
-0.477526
3.34229
-1.43492
-0.502533
-0.172381
-0.552242
-1.71755
-0.171204
-1.2578
0.735668
0.0797225
0.598974
0.730003
-1.67949
-0.95481
0.729734
0.119236
2.06625
-0.546289
1.44178
-0.367715
0.285884
-1.27194
-2.36971
-0.956386
-0.694629
1.28518
-1.94988
0.378179
-0.877002
-2.45048
0.253404
-0.853383
-0.22902
-0.969619
0.757257
0.701725
0.337787
-0.30382
-1.85637
0.616437
0.676315
0.321941
0.0587085
-0.26311
1.1349
-0.85491
-0.197965
-0.469469
0.794622
-0.900641
-1.42829
1.05203
0.208279
-0.0906158
0.203141
-1.67082
0.631521
-0.931564
0.504788
0.543713
0.989598
-0.564712
1.02095
-1.26266
0.971475
0.722514
-0.0286498
-0.448858
0.0101709
-0.785604
0.268897
0.955154
1.1162
-1.27891
1.87008
-0.448898
0.407071
-1.27372
0.0504848
-1.03148
0.31988
0.543075
1.59062
1.48883
-0.119765
-1.94571
-0.65186
-0.582152
0.882326
-0.931485
-0.928214
-0.539911
-0.201445
0.75533
1.17924
-0.4619
-1.38044
0.67326
0.777082
1.82276
-1.00427
1.01325
-0.714977
0.058101
-0.766786
-0.159006
1.09376
1.22766
1.01621
-0.30384
0.263646
-0.21619
0.225919
-0.31537
0.500924
1.4615
0.9586
1.02974
1.03786
0.125894
-0.938471
-0.624144
0.273015
0.45426
-0.344558
0.112028
-0.867083
-1.08972
-1.00538
-0.814784
-1.97165
0.0598662
0.126531
-0.0320699
0.405097
-0.614681
0.956949
1.30274
-0.792643
0.833805
1.21799
-0.0198453
0.0122058
0.826127
1.15853
-0.0968454
-0.223401
0.449196
-0.729839
-0.79631
0.804822
-0.374662
-0.30729
-1.16593
-1.15625
0.676957
0.596066
-0.53121
2.45885
-0.366086
-0.376024
0.719891
-0.688648
0.182898
0.0515032
-1.00969
-0.0160837
1.19264
-0.402721
-0.239752
0.0828894
-0.349673
0.721213
0.149817
0.284226
-0.705485
0.968133
-0.242437
1.28584
-0.450125
0.28416
-0.467776
0.197219
0.187308
1.76812e-05
-0.171829
0.147693
0.967281
-0.320959
-0.845392
0.662836
-1.3099
-0.839363
-0.430598
-0.94698
0.363853
0.631955
1.80279
0.699199
1.02486
0.730879
1.55079
1.49135
-0.829721
1.72739
0.714716
-1.18801
-0.14179
1.22493
0.614272
0.743465
1.58562
-0.296487
2.32522
0.94662
-0.772084
-0.199782
0.585011
-0.765661
1.10242
2.46092
0.355057
-0.816596
-0.311325
1.19336
-0.682374
-0.0677493
-0.397595
-0.106088
1.18097
0.428776
1.38324
-0.191192
0.884671
-0.82076
-0.526196
1.64746
0.928343
-1.46697
-1.34797
-1.01072
1.67247
0.918853
-0.777602
-1.3344
0.768557
-0.507078
-1.27562
-1.51669
0.684334
-0.648379
-1.17164
0.222445
0.787403
-1.1984
-0.246242
-0.225774
-0.0875191
-0.780994
0.557586
0.392558
-0.733619
1.24841
-1.25481
0.0762428
-0.436766
0.0807921
-1.78006
1.58713
0.925797
-1.52317
0.295649
0.0922894
-1.1572
0.272698
-0.0415178
1.359
-1.3131
0.754633
0.290938
-0.167546
-0.151255
2.13477
0.619945
-0.371729
-1.0543
0.34219
0.213886
1.32363
0.773786
0.518675
-0.57992
2.58985
0.371712
-0.283873
2.33236
-0.0894835
0.141265
0.245699
0.341221
-1.42549
-0.360327
0.0547444
-0.501282
-1.69317
-0.644601
0.0538954
0.215844
-0.0463292
0.632973
0.543922
0.197702
2.49655
1.46563
0.334977
-1.32538
0.771483
1.4271
-0.00450784
1.08149
0.680165
-0.546183
-0.0300175
1.48942
1.15852
-0.179943
-0.0238357
-1.63484
-1.45832
-0.164639
0.20859
-1.2215
0.57151
-1.32117
0.755771
0.448677
-1.54561
1.32591
1.99774
0.259957
0.394535
-0.251942
-1.01398
-0.546528
1.42517
1.00874
-0.414169
-1.34736
-0.134663
0.189816
0.650851
1.58283
-1.56179
0.174873
-0.782155
-0.478548
-0.645326
0.472094
0.413992
0.108037
1.0445
1.1566
-1.59965
-0.561988
0.0613244
-0.826186
-1.94727
0.0657568
0.277122
-0.130015
0.171421
-0.75322
1.21019
0.110201
0.0607462
0.351249
0.380385
1.02057
0.305511
-1.57094
0.221875
-0.84324
1.47488
-0.131669
1.07988
0.60292
0.24615
-0.0243882
-0.372857
0.931864
1.04391
0.597408
0.0337373
-0.198513
1.55637
0.438168
0.420328
1.22423
-1.07241
-0.00617081
1.28259
0.127493
0.344668
1.80244
-1.8781
-0.349608
-0.0523748
0.313414
-0.82344
1.01447
0.236934
-0.381949
1.46583
0.969542
0.150671
1.5827
-1.28628
0.189619
-0.871112
-1.07542
1.60622
1.13587
0.219209
-0.110139
0.147573
1.43889
-0.327889
-0.878803
-1.53323
0.0426121
1.1033
0.451944
0.260739
0.513438
0.624458
-0.830121
0.311678
0.116086
-1.83263
-0.765871
0.929774
0.665508
-0.387947
0.524865
-0.632891
1.44838
0.238469
-0.828039
1.24975
-0.634236
0.610455
-0.0310729
-1.28485
-0.355269
-2.39691
-0.903895
0.511658
1.96949
-1.27086
-1.19209
-0.096231
0.556176
0.820506
-1.07214
0.394213
0.547125
-0.720592
-0.299763
0.798811
-0.20807
-1.16506
-0.0246692
0.0707278
0.838693
1.21253
0.610381
0.220147
-0.415167
0.0740351
0.0990936
-1.48736
0.360333
0.890352
0.402618
-0.488345
0.642737
1.26682
-0.309076
-0.361891
-0.264548
1.58174
-1.89869
-1.68324
0.876651
0.806728
-0.773907
-1.04914
0.0293516
-2.36269
-0.217347
-0.110049
-1.43178
-1.23009
-1.00077
0.61751
-0.240823
-0.0574041
-0.22545
0.0981626
1.2061
-1.5143
-1.01572
0.416119
0.167513
0.128808
-0.159813
1.42916
0.805656
-0.716674
0.198145
-0.935618
-0.0311731
0.293959
-1.27161
1.5172
-0.433998
0.648401
1.10724
-0.437405
0.00855243
0.794871
0.631792
0.210013
-0.465341
1.64041
0.898676
0.103107
-0.843201
-0.0664344
0.380463
1.23561
-1.50265
0.294534
-0.576857
0.707701
0.646736
-1.77297
0.791586
0.29802
-0.0677196
0.494327
-1.39826
-1.9787
-0.124575
-0.202303
1.17044
1.0431
0.281038
0.194082
0.601823
0.983707
2.2879
0.547482
1.62175
0.649227
0.35791
0.000621256
0.639254
1.26981
-0.282573
0.114726
-0.133439
-0.640818
-1.07179
1.10896
-1.11819
0.0578731
0.356786
-1.08498
0.931845
-1.38993
0.767943
-1.07582
0.772705
-2.09448
-1.28611
0.364208
-1.2552
-0.143434
-1.38135
0.564926
-3.02276
-0.270666
2.37297
-0.902349
1.1128
-0.154259
0.802934
0.793524
-0.6171
-1.07924
0.772347
-0.205933
-0.615738
0.000688955
-1.15124
0.18984
0.607409
0.635829
1.91602
-1.68818
-0.653514
1.15956
1.94754
-2.70941
1.48626
-1.38192
-0.260596
0.254406
0.165928
-0.465825
-0.927928
0.00295509
-0.204561
1.95121
0.815456
-0.445212
0.219574
-0.897641
0.196295
-0.0530217
-0.737342
0.127325
0.2321
0.077123
-0.355827
0.812161
-0.10875
0.176893
-0.233521
0.196562
-1.62492
0.672081
-1.43539
1.99239
1.10133
-1.10711
-0.0136385
-1.77199
-1.15558
-0.534909
0.15768
-0.757194
0.868009
0.884774
-0.0987217
-1.09813
0.0899047
0.176467
0.54312
-0.913839
2.24449
-1.38777
-0.633053
2.32532
-0.353451
1.13303
0.0175143
-1.93407
0.178853
-0.866103
0.766192
0.13492
1.1568
1.91622
-0.138332
-1.17962
-0.347422
-0.0728886
-0.493313
0.35604
-0.169346
0.155667
-0.0528368
-0.356796
0.650145
0.634567
0.16005
1.60308
-0.635728
-0.376802
-1.01815
0.740372
-0.831264
0.549536
0.848656
-1.36588
-0.165767
0.727689
-1.79886
-0.1786
0.528016
-0.299823
0.941437
-0.452263
0.502953
0.0470817
-2.23914
-0.209289
0.489067
-0.624711
0.573965
-0.595977
-0.633105
-1.04777
1.66368
1.55542
-0.681411
0.3509
-0.0122111
-1.38998
0.128324
-0.46969
2.57941
-0.562758
-0.599929
0.300102
0.363761
-0.0299428
1.80202
1.03349
-0.619511
-1.7356
-0.484625
0.0567976
-0.298109
-0.162336
0.361214
0.595102
0.64032
-0.787024
0.975419
-0.0927043
0.730036
1.11809
3.18497
-0.249138
0.216692
-0.383415
-1.47783
-0.339887
-1.43448
1.2938
1.07516
1.90467
-0.676212
-0.364847
-0.0648991
-0.39871
2.58098
0.0130043
-1.0912
-0.407023
1.37147
-1.80208
-1.27423
0.45431
-1.51839
-0.491653
-0.561036
0.220263
1.56081
0.281182
-2.83825
0.945894
-0.306218
-0.814879
-1.6219
1.38724
-0.327501
1.32941
-0.834957
-0.446897
-1.7453
-0.989964
1.37846
-2.29111
1.12721
-1.93278
-0.604938
0.00609823
0.195054
-0.445336
-1.3293
1.10041
0.820285
0.689002
-2.01115
-0.785601
0.412236
1.14235
2.18371
0.177552
-0.115726
-1.22463
-0.343481
0.973603
0.092444
0.748963
1.01189
-1.2874
0.0883618
-0.0963553
1.07381
0.272607
-0.584075
0.0499385
0.943771
-0.462624
-0.710217
1.63374
-0.853446
-0.481838
-1.34237
0.0614708
0.076967
0.196721
0.385228
0.519221
-0.582033
0.406599
0.373055
1.28199
-0.434753
0.868668
1.06811
1.62824
0.344504
-2.16988
-1.03158
-0.301252
-0.0123515
0.844298
0.266294
0.0824534
0.666407
0.905081
0.449039
0.385521
-0.22071
0.666118
0.432261
1.26455
-1.41174
1.09532
1.02285
-1.27247
-1.91795
1.28636
-0.541329
0.583921
0.725131
-1.51679
-1.45567
-1.50539
0.334576
1.59692
2.3101
-1.42349
1.68318
-2.3429
0.243868
0.848474
-0.00555385
0.0730399
-0.325145
0.114078
0.153899
0.436926
-0.125747
0.0807553
0.228117
-0.908809
-1.58051
-0.126912
-0.0327335
-1.63106
1.55367
-0.231123
1.37044
0.676409
0.0473598
1.46676
0.160717
0.280796
-2.88928
-0.604843
-0.853104
-2.46574
-1.1221
-1.02163
-0.616441
0.679561
0.519136
0.779745
1.38652
-1.09354
0.21269
0.759996
0.476744
-0.420518
-0.796054
0.632828
2.19581
0.0665225
0.241982
-0.0429725
0.592809
-0.151073
-1.79328
-1.65627
0.847482
0.466152
0.243656
-1.02565
0.522726
0.365657
0.0634297
0.908661
-0.379924
-0.0210184
-0.0998115
1.99174
0.746286
-0.8174
1.07344
1.92177
1.62498
0.602566
0.561165
-0.99377
-0.921904
0.00962713
-0.0867587
-2.75129
1.54342
0.707746
-0.244821
-0.138053
-0.211009
0.226248
0.162781
0.76651
0.574723
-0.667188
-1.14385
0.0780093
0.544459
0.448488
0.480535
-0.850053
-0.636207
-0.850865
1.25774
-2.16789
-1.28888
-1.56312
-0.798507
-0.948572
-0.862616
1.57389
-0.526718
0.845601
-0.56323
-0.668635
0.794571
0.0306917
-0.543338
-0.340523
-0.900036
-0.851751
-1.2746
-0.815994
0.60208
-2.29262
1.28051
0.285749
-0.461739
-0.408717
-1.06903
-0.117901
-1.06987
0.788955
1.10283
0.0813783
-0.0786688
0.0481198
0.385211
-0.0526984
0.669961
-0.307565
0.426185
-1.09502
-0.694291
-0.767861
-0.52783
-1.0582
-0.244574
-1.72147
0.991116
0.977109
0.395792
0.602717
-1.02999
-0.580136
0.0393081
-0.640651
-0.741364
-1.2578
-0.55407
-0.795864
0.911025
2.35732
-2.57371
0.646026
1.59093
-1.28139
0.842096
1.07215
1.0169
-0.823971
0.463369
2.27975
0.891894
-1.2419
-2.06696
0.00934042
-1.4694
-0.476696
-0.318939
0.365547
-0.199474
-0.0140702
-1.50035
0.487175
-0.191163
0.324564
-0.180135
-0.161624
1.47974
-0.648395
0.874175
0.927239
-1.38152
0.28277
0.559078
-0.0542551
1.14422
-1.86149
1.17682
0.397845
2.20919
-1.58989
0.526317
0.129083
0.46391
0.597486
1.48005
1.40324
-2.46915
0.469612
0.21135
-1.76643
0.752041
-0.98091
0.884385
0.436261
0.801241
0.665876
0.69991
1.19354
-0.0538779
-1.56734
0.784143
1.24261
1.48913
-0.711307
-1.67199
-0.249586
0.311629
-0.308958
-0.669713
-0.449965
1.01584
1.61369
-0.377897
1.53462
0.934369
0.419449
0.928973
1.80045
-1.2193
-1.57719
1.2462
-1.37557
0.377935
1.41477
-0.0636201
-0.320903
1.29794
0.393186
-0.905581
0.0397142
0.820996
0.715891
0.584808
-0.531033
-1.07905
-1.47328
-0.837351
-0.78361
-0.69858
2.98446
1.28235
-0.655478
0.665378
-1.74675
0.215371
0.072754
-1.62486
-0.691567
0.605027
0.312519
-1.48137
0.506689
-0.576695
1.9126
-0.0757662
-0.501212
-1.52086
0.62125
0.0879504
0.505722
-0.109455
1.67213
-2.02015
-0.200655
0.00310636
-1.20308
0.201506
-0.787668
0.266319
2.04669
-1.60252
0.69788
0.206485
0.728892
0.907075
1.12812
0.292483
0.238844
0.510291
-1.64689
-1.42458
-0.938208
-1.78136
-1.61722
-1.09307
0.891214
1.28064
-0.064644
-2.19049
-0.444303
-0.782739
1.37175
-0.29098
0.977547
-0.726882
0.852311
3.25182
0.216421
-0.882407
-0.783333
1.72241
0.0589639
-0.947534
0.783334
2.27486
0.653696
-1.16952
0.153762
0.596375
0.355291
1.49419
-0.588221
-0.106564
-2.65445
1.18214
-0.000219792
1.02123
1.0907
-0.315108
-0.172648
-0.379743
-0.435389
0.925179
0.304015
-0.0990451
-0.582616
-0.78248
0.54994
-0.35405
0.538367
1.35344
-1.14493
0.0136796
0.874437
2.04338
0.335907
-0.441747
-0.245189
0.678284
-0.844601
-0.688056
0.10016
0.3906
-0.0629516
0.94296
1.34685
1.39265
0.468449
-1.13258
0.0992625
-0.822536
-0.968887
0.679957
0.457456
-2.03653
-1.09761
-0.971593
0.58922
-0.562392
0.328578
-0.744461
-0.187703
-0.635363
-0.875118
0.600823
-0.474828
-0.62854
-0.148791
-0.304832
-0.168803
1.87891
-0.321224
-1.32005
0.75038
-0.708207
0.712973
1.34468
-0.296314
0.0345146
0.581772
0.637927
0.515137
0.731086
0.400754
1.2719
1.08918
0.0761654
0.57187
0.710682
0.848484
-1.08149
1.06292
1.13992
-0.763565
0.423395
1.24154
0.949088
1.58956
0.189299
0.0875375
0.963684
-0.222546
-0.94259
1.93548
-0.600121
-0.989477
-1.16799
-0.411662
-0.255561
-0.763752
0.802562
-0.0589496
1.03347
0.521281
-0.699434
-0.653424
-0.0749577
-0.240748
-1.95727
-0.496649
-1.37621
-1.05912
-0.63904
0.862388
-1.79258
0.868312
0.180314
0.0505703
-0.0499729
0.894555
0.244369
-0.700672
1.1476
1.05323
0.320004
-1.38304
-0.864133
-0.414419
0.167442
1.26453
-0.795347
0.0760863
1.27633
0.741371
-0.18916
-0.0642876
0.683138
-0.00711542
-0.614606
0.201104
0.483204
1.50873
-1.34057
0.631914
-0.966911
0.423628
0.769947
0.002769
0.953528
-1.08419
-0.505345
0.202697
-0.425318
-1.68533
-0.45915
-1.25271
1.35204
0.255009
0.271332
-1.11336
0.717013
-2.30494
-0.841616
-1.11167
0.403049
0.0218033
1.11961
0.300691
1.81647
1.1271
-2.12828
-0.204184
1.39269
-0.0456286
0.932172
-0.54419
0.371233
0.0121722
-0.341803
0.0135991
-0.724802
-0.152953
-1.16964
-0.371623
-0.0318507
-0.584977
1.46283
-1.54849
-1.00241
-0.303467
0.71199
-1.31959
0.253474
0.994071
-0.0998957
-1.39697
-0.527833
-0.114864
-0.668851
1.31818
-0.171897
0.515552
0.484838
1.8119
1.20149
-0.475862
0.278264
1.03868
0.900494
1.16232
0.897757
1.17128
0.148696
-0.36048
0.448285
-0.0432956
0.113919
1.51944
-0.752172
-0.934511
0.979631
0.663758
1.58023
-0.0593302
0.670915
0.457507
-0.44811
-1.08953
0.56688
-1.55527
1.04288
-0.849504
0.743355
0.199059
-1.46908
0.165095
0.204933
-0.44342
-0.849254
0.523016
-1.31003
1.62134
0.637405
1.36092
0.81459
-0.166941
0.604644
1.163
0.338257
-2.4997
0.367812
-0.661074
-0.585383
0.174573
-0.318742
0.496726
0.900796
-0.414144
1.33754
-0.314339
1.00379
-1.05532
-1.32206
0.841378
-1.52737
-0.833494
0.193768
-0.569314
-1.98075
-0.0537099
1.35049
0.131408
-0.549146
-0.200173
0.53869
1.50276
0.476227
0.634047
0.51562
0.26769
-1.02246
1.86011
-0.886858
-1.222
-0.421952
0.342446
2.24828
-0.569958
1.86438
-1.02726
-0.851404
-0.931288
-1.06437
0.762162
-0.168449
1.06967
1.9772
-0.323929
-0.295423
0.128954
-0.937211
1.319
0.351723
0.0754466
-0.687361
0.390138
0.389614
2.05094
0.983471
-1.31
0.501497
-0.130586
-0.244882
0.436104
0.685022
-0.38532
0.240434
-0.890332
1.41358
-0.467015
-0.735727
2.24054
2.04422
-1.97439
0.269741
-0.457446
1.36544
0.731249
1.51341
1.15177
0.103679
0.647472
1.27862
0.067947
-2.3966
-0.693488
-0.846631
0.101369
-0.533934
-0.450951
-2.34961
0.623411
-0.0588639
-0.370665
-1.40357
1.45382
-1.79437
-0.483546
-0.662492
0.10327
-1.00375
1.17608
-0.174741
1.32629
0.146977
-1.02965
1.95505
-1.07089
-0.868786
-0.304547
-0.260274
0.724044
0.663653
-1.08025
-0.774091
0.693549
-0.494768
-0.791603
0.847037
-0.58754
1.58263
-1.88197
0.72635
-1.3101
0.0120855
0.116163
0.743152
1.41195
-0.728189
-1.53251
1.44589
0.095318
-0.751322
0.835185
-0.176535
1.62254
0.29902
-0.8954
-1.42419
-0.702438
-1.49974
-1.35736
-0.700599
0.260633
-0.662265
-0.1704
0.184682
0.0990818
0.575343
-0.753494
0.589877
-0.264982
-0.509152
-0.370227
0.985435
-0.428125
-0.705223
-0.252808
0.0868714
-0.359297
-2.19528
-0.489763
0.94561
1.18295
0.917613
-1.89705
1.95304
0.671229
-1.23326
-1.61063
0.420845
-0.668604
-0.0101651
-1.01715
0.332727
0.08811
-0.0754316
-0.907902
-0.515331
0.55943
-0.435165
-0.224618
0.142278
-0.208115
-0.315972
1.88293
1.28733
-0.330923
-0.700903
-0.619667
-0.512355
0.140279
-0.287659
-0.476188
-0.320593
0.663635
-0.958411
0.281166
1.69736
0.482725
0.27808
-0.419554
0.489677
-0.653905
-0.879943
-0.193914
0.331636
-0.32724
-0.326899
1.11316
0.561384
0.213283
0.869225
2.24748
0.134852
0.433587
-0.131455
0.113103
1.49256
0.627808
-2.58955
0.553962
0.431103
-0.0429903
0.0523995
-0.0506406
0.343266
0.870666
-0.847695
-0.302614
0.908551
1.98111
-0.12348
-1.43038
-1.04885
1.17574
0.223153
-0.232807
0.662205
1.57479
1.57865
-0.971095
-0.69078
-0.931988
0.492644
-0.599973
-1.05512
-0.0170292
1.01387
0.148942
0.39865
-1.64441
-0.973295
1.26732
0.81013
-0.0460908
-0.247389
-0.70066
-0.0167262
0.126766
-0.174328
-1.10961
-2.14825
-1.54492
0.293987
1.11551
0.96027
0.409263
-1.51969
1.05263
-1.34682
-0.600971
0.322285
-1.10238
-0.374858
-3.14583
1.44634
-1.34628
0.660625
-1.98274
0.266806
-0.964415
0.622397
0.040144
-0.204742
0.79512
-1.48639
0.405505
0.749733
0.18785
-1.16231
-0.500949
0.759155
1.39663
-0.0628735
0.960733
0.495739
-0.382845
0.106419
-0.285697
-1.17899
0.685726
-2.20708
0.0497063
0.223902
-0.212654
-0.537912
1.81716
-2.00693
1.76436
-0.432169
0.551313
-0.902037
0.125793
1.27126
0.450585
-0.0584163
0.999699
-0.109195
-0.726629
-1.36263
0.0110388
0.0904504
2.00159
0.43624
0.377808
0.405831
1.31966
-0.114672
0.41447
0.921085
-0.178173
1.0047
-0.963704
-0.77929
-0.658121
0.197448
0.324997
0.235514
-1.1252
-0.261936
0.0870983
-1.81067
0.605805
-0.992761
-1.06393
-0.557274
-0.04172
-1.31979
0.979025
-0.690514
0.331392
0.143627
-0.680996
-0.314212
1.00043
0.432822
-0.896298
1.00353
0.0224506
-0.541211
1.7945
1.01401
0.0471326
1.06419
0.777456
0.75454
-0.781414
0.474603
2
-0.628202
0.200341
-0.926745
0.191129
0.0219631
-0.113557
-0.536263
-0.936489
1.09186
-0.223672
0.821035
0.578224
0.252438
1.33288
0.113419
-0.281358
0.421248
-0.727527
0.0470916
0.63055
-0.749661
-0.563359
0.731906
-1.56743
-0.333596
-0.137185
1.03666
2.32151
-0.81038
-0.492953
2.16244
-1.49386
-0.22512
0.88121
1.72563
0.691825
-0.14393
-0.772612
0.85295
0.859412
0.0665612
-0.801362
0.521167
0.946908
1.21284
-0.952059
1.01495
-1.48543
-1.09069
-1.62462
0.305721
-1.64636
-0.439329
-0.334415
0.176352
-0.205829
1.77804
0.957445
0.405211
-1.31052
-1.77514
-0.281166
0.381019
-0.471009
0.309689
0.847135
0.972644
-0.167117
0.889454
0.770756
1.43619
-0.778475
-0.0105819
0.992263
-1.9416
1.44714
1.14361
-1.40372
-0.117839
1.30866
-3.16405
-0.695206
-0.0424034
0.277184
1.97473
0.622023
-0.545358
0.367725
-0.853428
-0.978756
0.0938062
0.581559
-1.03406
0.487566
0.387654
0.453712
-1.35788
1.43236
1.13779
-0.412849
0.589701
-1.23457
0.184163
-0.387506
1.40629
0.485428
1.7767
1.43273
0.7776
-1.25418
0.0938486
1.12743
0.973389
1.27649
0.114653
0.1669
-1.51029
1.08833
0.662077
-0.470645
1.25904
0.057284
-0.970169
-0.238088
-0.511409
-0.641342
0.892749
0.13463
-0.866986
1.8814
-0.135859
-0.641869
1.4966
-0.803867
-1.50331
1.12177
0.802151
0.560822
0.0764302
0.453059
-1.06693
0.678902
-0.00259903
0.742301
0.366013
0.29109
0.590532
0.821997
-0.319004
0.0803396
-1.80137
2.00709
-0.862017
1.61859
1.12758
-0.589421
0.298678
0.461055
-1.66164
1.75904
-0.215145
0.668112
0.222881
1.84894
-1.00527
0.457769
-0.353455
-0.437687
-0.395396
-0.863145
0.0614462
-1.42639
1.82739
0.013283
0.564037
-0.423454
-0.369576
-0.732225
-1.59806
1.32235
-1.12824
-2.63498
0.251055
-0.0173922
-0.221631
0.773026
0.570378
-0.603112
-0.499066
2.70351
0.148589
-0.790469
0.596608
-1.6383
2.60197
-0.986663
0.660401
0.748401
0.804102
-0.11592
0.0590807
1.31919
0.421446
0.357879
0.320546
-0.722
-0.320295
1.8336
0.477143
0.202612
1.37578
1.22906
-1.38051
1.21682
0.111957
-1.76132
0.440325
0.908403
0.25495
-0.300457
0.217094
-1.7303
-0.309408
-0.399491
0.172
0.472471
-1.04873
0.411003
-0.606451
0.381261
0.595356
0.502992
0.293614
0.812451
0.771971
-1.69954
0.266665
0.103853
0.391867
-0.717797
1.11625
0.209859
1.52927
-1.39199
0.852904
-0.877553
1.59565
0.146934
-0.866717
1.39086
0.266542
0.950912
0.178776
0.372046
-0.0837131
-0.522343
0.202722
-0.143781
-1.14391
-1.12582
-0.0735022
-0.945062
-1.12584
-0.760087
-1.32777
-0.597804
-0.853481
0.134027
0.387759
0.720916
0.641237
-0.377835
0.0728426
0.79435
1.22066
0.500261
-0.309112
-1.11135
1.28752
1.35755
0.334431
-0.617156
0.0126584
-1.08227
0.491971
-1.98493
0.812809
-1.64792
3.31023
0.725697
0.617364
1.49596
-0.143241
2.04896
-0.396261
-2.22393
0.481858
-1.08675
-0.0347542
0.888118
0.863867
-0.632513
-0.999114
2.31122
1.05523
-0.567675
0.00624222
0.948987
1.57173
1.19322
0.0835474
0.457673
1.42358
-0.0107432
0.485731
-0.228355
-1.00528
-0.689916
-0.639173
1.2378
0.648092
0.891037
0.212812
0.43217
1.27072
0.446136
-1.08373
0.989058
-0.0313272
-0.277173
-1.41935
-1.02023
2.82835
0.287137
1.04541
0.25322
-0.360837
-1.0087
1.8437
-1.54174
0.266938
0.530094
-0.431507
0.434837
1.51195
-1.40505
-0.41985
0.296491
-0.318717
-0.0167581
0.316728
1.27353
0.449034
0.578302
-0.184655
1.55153
-0.0799238
-0.0777661
-0.000400017
-0.772389
-0.950657
1.06547
0.813171
1.83454
1.69722
-0.992651
-0.476469
-0.12822
1.13226
-0.105368
-0.828208
0.0823968
0.993293
1.19372
-0.996229
-0.0303752
-0.699863
0.723819
-0.710742
-1.29105
1.17719
0.331873
1.75104
-0.827829
0.141938
-1.84705
-0.472023
-0.272756
-0.509103
-0.784554
0.820603
0.624553
1.78249
-0.703172
-1.56513
-0.644498
-1.11105
0.317862
0.934499
0.597324
-0.348442
0.8882
0.698434
-0.348793
-1.12162
0.0124988
-1.60403
0.900163
1.75839
-1.76388
-1.04081
0.0482158
3.65736
-0.223622
-0.293905
2.57921
1.83951
0.105091
-0.336238
-0.342351
0.585004
-1.7557
0.997919
3.60087
-1.23692
0.327843
0.188475
0.325555
1.04057
-0.872741
-0.77088
-0.954352
0.755742
-0.653046
2.08151
1.03042
-0.26895
-0.882981
-0.0505092
0.250077
-1.00361
2.07727
-2.03402
2.32935
0.0504155
-0.18347
-0.383934
-0.67476
-0.140757
-0.824288
-0.288607
0.552186
-0.848172
1.82729
0.00724842
0.173833
-0.256552
0.300529
0.172892
-0.336394
0.44878
0.580504
2.59327
0.397742
-0.863446
-0.811424
0.0171066
0.573013
0.393616
1.47527
1.03654
-1.50332
-0.496473
-0.531252
0.715319
0.999914
-0.435055
-2.51888
-2.03495
-0.307579
-0.69088
0.092147
-0.025007
0.0457457
-0.787749
-0.50993
0.419829
-0.774136
1.91386
0.71456
-1.52788
-1.42436
1.35285
0.730972
1.09791
0.155808
0.415556
-0.5409
-1.84833
1.06778
0.579075
0.740619
0.820939
1.8737
-1.07482
1.11047
1.09738
0.503605
0.319443
-1.84643
0.227726
1.26418
-0.565664
-0.654832
-0.23555
-0.799897
-0.569327
1.31826
-0.284641
-0.43586
-0.605837
-0.435859
-0.385949
0.580961
-0.340796
0.515271
0.420731
0.0726876
0.3167
-1.69107
1.08112
-1.78423
-1.42023
1.03027
0.133894
0.65408
-0.252476
1.08967
0.307398
-0.0312439
-0.608137
0.468911
-0.265105
0.862296
-0.365676
-0.0679462
-0.645258
-0.952676
0.455095
0.468484
0.612954
-1.45931
0.311595
-0.0358587
1.14867
-0.189284
-0.95289
-0.533868
0.0259355
-0.278712
0.568295
-0.92957
-0.239368
-0.876453
0.533596
-1.65623
0.511705
0.587487
0.233868
0.0948958
0.409078
0.544286
-0.341164
-0.127026
1.07402
-0.133691
0.218054
1.02111
1.46465
-1.07637
-0.5744
-0.810767
1.03057
-0.225479
1.04314
-0.732205
-0.91341
-0.0252576
0.0815285
2.00655
0.557362
1.04128
-0.126556
1.03817
1.07469
0.816385
-0.0443768
0.988702
-0.600643
0.645311
1.96418
-0.605135
-0.27077
0.591646
-0.439593
0.224653
-1.82881
-0.384931
0.926792
0.289593
0.900666
-0.301185
-0.106039
0.0343405
-0.0963353
-0.695525
-0.69497
0.498125
-0.685862
0.585135
-0.788069
-0.142659
-0.549056
-0.233637
2.61111
0.863285
-0.256272
0.100654
-0.478956
-0.895363
0.663234
-2.22694
0.495379
-0.660118
-0.98981
-0.354364
-0.800525
0.210288
-1.4992
1.51037
-0.948856
-0.865336
-0.199716
-0.549129
-0.155279
-0.512064
-1.45849
0.00858046
-0.217211
0.525754
-0.568441
-0.049228
1.1049
-0.627179
-0.318387
0.843005
1.83797
0.735319
0.705382
1.82927
0.346715
0.143941
0.422529
-0.216539
0.328082
-1.00846
-0.122654
-1.86335
0.967914
1.01686
-0.623014
1.06485
0.510048
0.365289
-0.629083
-0.0921671
0.718736
0.081788
-0.507747
0.0054461
0.847563
-0.362367
-0.694738
0.292516
0.421365
0.174162
0.605076
0.0934241
2.55556
-1.53823
-0.452969
-0.186538
0.317923
0.129204
0.38281
0.787103
-1.27073
1.13103
-0.843446
-0.944464
0.311324
0.844179
-0.0738702
0.927506
0.0196385
-0.430377
-1.69584
1.64774
0.83673
-0.159087
2.16784
1.32534
-0.271738
-0.340278
1.05508
0.106722
-0.0677107
1.74716
2.12143
1.95359
-0.390073
-0.323624
0.808073
-0.125404
0.589311
0.724376
-0.234732
0.64083
-0.534233
0.525839
-2.0041
0.217829
0.644081
1.3536
-0.232288
1.36139
-1.16761
-0.791881
0.388939
-0.127067
1.13554
-0.313688
-1.20497
0.889642
-0.628821
2.37223
0.26283
-0.327606
-1.9182
-0.172965
0.541309
1.54432
-1.44399
2.26095
1.55867
-0.199496
0.673943
0.414958
0.384106
1.66797
-0.572008
-0.106058
1.93112
-0.696726
-1.96391
0.651254
1.37521
1.55685
-0.645222
0.296386
-0.570764
1.56014
1.20461
0.156528
-1.10758
-0.0400566
-0.302102
-0.895684
-0.853758
-0.542718
0.197351
-0.729032
-0.215368
1.36482
0.530455
0.0653644
-0.759471
-1.08672
1.3389
1.37294
0.444166
-0.957562
0.301484
-0.184665
0.0887868
-0.484742
0.631914
2.02392
-0.042911
-1.12029
0.670816
-1.56533
-0.50729
0.470878
1.10724
-0.3443
-0.927597
0.720164
-0.033936
0.635232
-1.66941
-0.38599
0.352498
-0.371764
0.38395
0.392763
-0.42763
0.666008
0.821141
-0.291929
-1.42695
0.583993
0.231762
-0.725629
-0.86301
-0.0529145
2.01678
0.595959
-1.40446
0.959001
-0.133763
-0.330637
0.128133
-0.461944
-0.382682
-2.07417
1.24884
-1.30513
0.918313
-0.354844
-1.4786
-0.21744
0.826907
-0.657892
-0.360387
1.27019
-0.125027
-0.280554
-1.01709
-0.486418
0.00132257
-1.88074
1.99833
-0.674321
-0.282085
-0.142153
-0.917419
0.13796
0.477638
-1.02604
0.370354
-0.074436
0.862497
0.713652
-0.418884
0.109592
0.147911
0.577956
-0.741776
-0.234263
-0.527448
0.564374
2.63107
0.57256
0.0211575
-0.422064
-0.345607
-0.439893
-0.791115
0.215239
0.249803
0.138559
-0.189837
-1.73696
-0.380206
0.906666
-0.61867
0.604551
1.58744
1.40079
0.159619
2.92135
0.233909
0.0491244
-0.4333
0.513962
0.0351594
0.90265
0.0805195
1.01756
0.99867
-0.747531
0.229468
0.471606
-0.395776
0.626552
1.53943
0.117544
2.69
0.0959288
-0.104064
-0.0953319
0.664986
-0.959393
-1.00829
0.149059
-1.92157
-1.52623
-1.25592
-1.25126
0.983794
-0.838035
-0.391092
-1.07558
1.9514
2.23086
-2.66437
0.274761
-0.339964
1.49889
1.67652
-1.07778
2.17526
-1.84872
-0.123084
-0.0052917
-1.04546
-0.255122
0.641273
0.184553
1.17547
1.64974
0.764837
0.462448
0.63523
-0.0626964
-1.69187
0.509956
-0.750163
0.513497
-0.354165
-0.472653
-1.34505
0.428445
-0.481114
-1.17634
2.00249
0.815783
0.645304
1.22307
-0.800221
-0.436791
-0.0628416
-0.761881
-0.339381
-0.917985
-0.320484
1.33965
-0.226578
0.915002
0.0867671
1.68896
-1.32741
-0.721516
0.564629
0.381663
-0.490582
0.785818
1.42459
0.631047
-0.682784
-0.684081
0.0150759
-1.70361
1.99036
1.19698
1.53102
-1.75097
0.279207
-0.0748442
-0.31883
0.691453
0.391168
-1.3343
-2.81538
-0.672978
-0.0785689
-1.50821
0.390953
0.590728
-0.0733533
0.250435
-0.031033
-0.424452
-0.0520935
-0.0634325
0.02016
-0.269664
0.625181
0.209154
0.251817
-0.762552
0.696938
-0.426315
1.51401
-2.01885
-2.08305
-0.790987
0.275342
-0.0442864
-0.967165
2.06488
1.70396
0.45309
0.314912
0.0864241
-1.11592
1.54233
-1.2338
0.849015
-0.152078
0.383786
0.818575
0.15691
0.913379
1.47582
-1.61253
-0.768451
0.923908
-0.793714
-0.56817
-0.388795
-0.184116
0.265502
-1.60982
-2.19864
0.254549
0.938993
-1.39588
-0.262513
0.585327
-0.318993
-2.41072
0.29349
2.2917
0.683389
0.897479
1.46534
0.833059
-0.706415
-0.0904639
1.22311
1.22838
-0.146677
-0.558783
-0.823945
-0.321692
-1.68041
-0.049445
-0.464965
0.411047
0.804027
-0.585465
0.384266
0.116819
-0.106789
0.555487
1.91978
0.56118
-0.807762
-0.0707582
-1.61511
1.18419
-0.0338441
0.582757
-1.31804
0.62457
-0.380002
0.633536
-0.857862
-0.422577
0.550506
1.0435
-1.12949
0.404275
2.55203
0.491556
-1.18142
1.9551
1.33766
0.941704
0.242351
1.13842
1.78035
-0.0429187
0.890351
-2.60134
-0.580347
-0.634198
-0.774584
-0.0659102
0.0399391
0.854392
0.707902
-0.149573
-0.289828
-1.86574
0.430346
-0.786073
-0.631976
-0.0200486
-1.81297
1.04762
2.03318
-0.104723
-1.38581
0.403883
-0.442019
-0.000784812
-0.338395
-0.483231
0.567883
1.32041
-0.462333
-0.381636
-1.49997
-0.685891
-0.434534
0.934959
-0.544155
-0.451151
0.300307
1.11031
1.14478
0.498943
1.88217
-0.785997
1.47658
-1.52935
-1.64335
0.113145
-0.83959
-0.638994
0.917932
-0.189376
-0.0490975
1.35251
0.976397
0.388632
0.812811
0.927192
1.11973
-0.194737
0.088661
-0.83146
-1.78997
-0.160891
0.385555
-0.559875
-1.39253
-0.06999
-1.06768
1.76433
0.586221
-0.0629289
0.366406
2.04902
-2.00151
-0.715878
0.828376
1.2909
0.0995162
0.29518
0.00383897
1.42703
0.491744
-0.423698
0.84665
1.17095
2.25078
-0.0925817
0.582037
-0.744942
-0.487923
0.387893
0.171165
0.862212
-1.61258
0.191244
-2.77157
-1.34256
-0.4557
-0.392887
1.41837
-0.104251
-0.975428
0.252158
0.784402
-0.7966
-1.61581
0.195975
0.253246
2.63041
0.900525
-1.33362
0.535155
-0.319658
-1.14997
-0.0840219
-0.138486
-2.38379
-0.748321
-0.71274
0.776339
-0.556063
0.316879
0.0743532
-0.45217
-0.609481
-0.546982
0.682136
-1.41567
0.672582
-1.13623
-1.1752
0.834317
-1.59186
0.357457
-0.115089
0.108348
1.16868
0.00213929
0.112435
-0.798536
0.290054
0.698611
1.43676
-1.55855
-1.20595
1.71008
-0.893729
-0.922881
0.108753
-1.0025
0.346155
-0.259769
-0.162708
-1.2214
-1.05665
0.247569
-0.0251333
-1.50228
0.0659885
0.956376
0.19746
-2.06717
2.01913
0.116203
0.924903
-0.593233
-0.609754
-1.33317
-0.536901
1.549
-0.197729
-0.780035
1.62009
-0.168381
0.0511369
0.494578
0.998039
0.0104311
-0.486561
1.58493
-1.09729
0.5586
0.17692
0.389027
0.135579
-1.32472
-2.29723
0.102504
-0.279064
-0.222266
0.22965
-1.85976
-0.72326
-1.16291
0.567376
-1.01824
0.444798
-1.59099
-0.956948
0.727
2.00165
-0.290109
0.340562
-0.025778
0.335596
0.205196
-0.592338
0.452086
1.38334
0.894549
0.144681
0.460932
-0.785987
-0.667921
1.31056
-2.35848
0.470235
0.119237
-0.605331
0.377756
-0.187643
0.594202
-1.39813
-0.135263
-0.850952
-0.724829
0.00817031
-0.450794
0.122046
-0.0693918
-1.16476
-1.77937
1.20114
0.495531
1.63157
0.841791
0.706972
0.521476
-0.397424
0.213368
-0.600164
-0.136151
0.92968
-0.945418
0.923863
0.431034
-1.11233
0.495533
0.91382
-2.11312
1.91045
0.0125998
0.856862
1.3845
1.53387
0.4744
0.788836
1.31112
-1.48901
0.172552
-0.430834
-0.754095
-0.659601
0.314832
0.959861
-1.69759
-1.17431
0.982936
2.14499
0.623895
-0.772811
-0.41534
0.817183
-0.758193
0.24867
0.303627
-1.5908
-2.21552
0.464775
-0.880042
-0.739519
0.453805
1.13293
0.754292
-0.64912
-0.597527
1.09607
-0.163996
0.983011
-1.28744
-2.04598
0.357242
-0.282807
0.400158
0.807869
-0.119295
-1.2201
-1.10098
0.704347
0.902813
0.606135
1.41001
1.62668
-0.545782
0.0982174
-1.3953
-1.58243
-0.3894
-0.464055
-1.88419
-0.515291
-0.726936
-1.15155
-1.14785
0.0888878
1.23898
0.24137
-0.123773
0.947856
1.40526
0.902183
1.25414
-1.1153
-0.748863
-0.746882
0.714049
-0.449328
0.627522
-2.04557
-1.08173
-0.463947
-0.40851
-2.30822
-0.818749
0.787307
1.61968
-1.21237
-0.501586
0.49213
1.12772
1.58138
0.172881
-0.524909
0.85284
-0.366122
0.382166
-0.561165
0.20799
-1.21628
0.723052
0.172435
-1.48537
0.0388143
2.24414
-0.344248
-1.10214
-2.04624
-0.422402
-0.504077
-0.144561
-0.43997
0.531824
1.28863
-1.30783
-0.347538
0.838911
1.33842
1.23936
-1.0442
-0.879108
1.47293
-0.0372811
-0.121771
0.878541
-0.0967607
-2.07228
-0.216114
1.42533
0.445807
-0.143939
-0.720635
0.256297
-0.526665
1.29057
-0.31658
0.358857
0.370297
-0.323872
-0.682199
-1.5164
-1.03415
0.0765787
-0.961611
-0.0640316
0.990269
-0.912115
2.10394
0.605302
0.853733
-0.708777
0.693433
0.423638
0.765833
1.21178
0.922832
0.0301982
1.06533
0.526225
0.813785
0.933684
2.26187
0.58791
1.08177
-0.27923
0.354093
1.66737
-0.526846
0.295724
0.679836
-0.0970472
-0.988249
-0.70171
0.237467
-0.208309
-0.60082
0.201668
0.532139
0.430818
0.739247
1.01669
-0.472568
0.693508
0.69751
-0.56076
0.121071
-0.646075
-0.112746
-1.43986
-2.27344
-0.646545
-1.59467
0.164423
2.31394
1.56945
-0.711518
1.02033
0.357845
0.438316
-2.2062
0.957451
0.700479
1.4147
-0.788812
2.02902
0.982006
-1.60809
0.808261
-0.519104
-0.761654
-0.464987
-1.62371
0.929554
-0.0514178
0.0826389
0.728858
0.641823
0.622294
-0.399275
0.0539933
-2.61093
0.0348338
-1.63362
0.743383
0.750692
-0.923515
-0.265131
-1.44013
1.62227
-0.699105
0.848921
1.32622
0.168045
0.0249459
0.317187
-0.477212
-0.313199
-0.759569
0.0180856
-0.737991
1.36007
-1.19078
-1.11106
-0.845923
-0.452374
-0.48043
-1.0846
-0.396931
-0.417828
-1.83864
-0.193875
0.262061
-0.130233
0.753241
-0.356201
-1.11316
0.629766
0.323384
-0.335915
-1.2323
-0.564924
-0.138101
-1.16598
0.738803
-1.14535
0.515864
-1.87984
1.55138
0.816131
-0.117684
-1.57711
0.878457
0.294381
-0.693567
0.40139
0.668192
0.772789
-0.727137
1.42983
-1.14198
0.052083
-0.489967
0.99423
0.0943316
2.23706
-1.40211
1.72034
-0.0617834
1.07839
0.0457482
-0.488735
1.07836
0.955735
1.51995
-0.815154
-0.922494
-0.727317
-0.180657
0.382557
1.1892
1.59207
0.306472
0.0665484
0.0186149
1.43298
1.63732
1.66325
0.774619
-2.48337
2.35651
-0.502919
-0.828684
-0.193909
-0.339674
-1.42834
0.279558
-0.0722281
0.5849
0.698425
-0.92438
-0.907399
0.862394
0.474497
-0.842589
0.0921044
-0.620022
2.24944
-0.458936
-0.101662
0.036662
-1.62981
-0.719307
-0.178937
-0.873521
0.340739
-0.509711
0.00781702
0.844397
-0.813759
0.0599966
0.0676004
-0.734891
-0.309833
3.05582
-1.36751
0.981924
-1.00797
0.431184
-1.26237
0.316051
0.344548
-0.314149
1.61258
0.041386
-0.401109
0.159318
-0.456657
-1.5219
0.778202
0.611023
-0.954604
-1.60924
0.431868
1.63836
0.588232
-0.634264
0.201258
-1.42981
-1.32113
0.216123
-0.84847
-1.05157
0.202762
-1.2228
-0.223744
-1.60078
0.426206
-0.671838
2.62898
0.101921
1.40807
0.307118
-1.69784
0.75639
0.904493
-0.837648
0.645349
1.32282
-0.328988
0.497807
-1.68147
0.711742
-0.515225
0.201456
-0.732266
0.00445459
-0.444306
-1.05518
-1.10527
-0.320367
-0.411794
0.209774
-0.0527166
-0.910002
-0.384564
0.233108
0.510451
-1.68265
-1.89291
0.434975
1.42487
-0.984357
0.992768
0.724402
-0.498938
0.543729
-1.02298
1.11376
-0.261208
-0.217444
-0.768337
-0.359631
-0.461858
0.936177
0.203693
1.30046
-0.375419
0.76828
-0.511004
0.970907
-0.762131
0.613402
0.292695
2.06744
0.681647
-0.456378
-0.234035
1.4871
-1.23743
-0.442148
-0.791073
1.85734
-1.33117
-0.0433441
2.33348
0.767901
1.19486
1.20993
-0.785495
-0.0811422
-1.49288
1.19054
-0.0549839
-0.352819
-0.289781
1.13418
-0.880446
-2.59829
-0.71358
-0.693231
0.409916
1.603
-0.242624
0.148937
-1.19972
-0.0465358
-0.297481
-1.95467
-0.086061
-0.954492
-0.709976
-0.421789
-1.06522
0.322747
0.573013
0.880556
0.888205
-0.360528
0.817586
-0.39245
-0.298295
-0.797509
0.513672
-0.816656
-0.0817626
0.919638
-0.755688
0.191663
1.665
0.0861863
1.49306
1.48545
-0.382783
1.20121
1.02295
0.0465931
-1.16878
1.14771
1.24792
0.760384
2.33594
0.684497
-0.992041
0.458083
0.884849
-1.68091
-1.21409
-0.86519
1.48462
2.0845
-0.0907211
1.16604
-0.801533
-0.987553
-0.410411
-0.396604
0.873143
0.163409
-1.98714
1.204
0.589505
-1.49321
-0.999897
-0.647159
-0.0745281
-0.563579
0.0953866
-1.99237
0.694699
-1.45983
0.805117
1.65418
0.243184
-1.29012
-0.677026
0.827657
-1.07457
0.792558
-0.0469579
0.331039
1.08109
0.201292
-0.125339
-0.0295903
2.14646
-0.116038
-0.625668
0.406417
-0.3483
0.473195
-0.415343
-0.115695
-1.63943
-0.618511
1.20215
3.30397
0.278178
-1.49443
0.7461
0.458675
0.925335
0.290079
-0.132193
0.676599
1.46818
-0.419913
-1.20878
-0.636678
-0.930751
1.11037
2.14373
-1.95272
-0.036229
-1.28092
-0.576194
-1.27966
0.11239
0.337331
0.448637
-1.53419
-0.406602
-0.24235
-1.43151
0.358566
-1.8317
0.413375
-0.845868
-0.527466
0.123848
0.704274
0.835389
0.0167485
-0.00931234
2.00457
-1.70933
-0.93338
0.103944
1.51467
0.456476
0.448757
0.0265575
0.387119
0.59796
-1.11695
-0.874318
0.522582
-1.23751
-1.78481
-0.335376
-0.892508
-0.196144
0.32871
1.10987
0.654972
0.290515
-1.06452
-1.21308
-1.77077
1.06024
-0.609623
-0.290326
-1.04416
-1.69145
-0.975082
-0.839221
-0.513408
0.30177
-0.129213
0.94298
1.48525
0.434641
0.215337
0.143101
1.12335
0.153784
-0.573989
0.0855698
-1.41683
-2.18999
2.80754
-0.0101644
1.3403
-0.285531
1.60868
-0.611704
-0.128536
0.410771
0.781046
0.198757
-0.126764
-0.669568
0.967014
1.81363
0.818758
0.326756
0.803981
0.640062
2.26168
0.754269
1.08982
1.08035
-0.832551
0.0414798
0.867707
-0.656002
-1.17285
0.367096
-0.278204
0.837289
0.42399
2.3484
1.297
-0.0854554
-1.08145
-1.14861
0.36655
0.889945
-0.541502
0.509413
0.204474
0.0228986
2.09493
1.50483
-0.785559
1.17149
0.580482
0.0536503
-0.765117
-1.39365
0.684098
1.27362
-0.319214
0.330062
-0.0421269
-2.57093
1.33808
0.160309
0.876334
0.263754
0.53118
1.15354
0.862314
1.10406
-0.343625
0.0824008
0.780643
-0.901311
-0.438039
0.572172
0.442165
0.366909
-0.905388
-0.344629
0.946674
0.38814
2.57487
-0.827842
0.321073
-1.30151
-0.793242
0.917022
-0.780133
-0.167389
0.417881
1.974
0.469173
-0.0261702
-0.282928
0.0359195
-0.428301
-0.831867
-1.67949
0.318714
-1.48681
1.14992
2.20803
-0.642
1.03984
1.7045
-2.21228
0.509477
-2.15771
0.202301
0.317739
-0.768453
1.1541
-0.602935
0.254796
0.976948
-0.442734
-0.860314
-0.28659
-1.58494
-0.896632
-1.40358
1.78718
-1.60327
-2.09461
0.465394
-0.0141911
-0.264395
1.83732
1.25523
0.8622
1.43317
-1.3901
-0.550983
-0.233619
-0.487886
0.0135603
0.175853
0.974839
0.328125
0.378027
0.0118625
-0.598982
-0.40372
0.0252492
0.425162
1.14797
-0.347576
-0.759582
1.06792
1.09051
-0.534134
1.85528
0.261459
1.01532
-0.0301406
0.227337
-1.79988
-2.4426
-0.243765
-1.51725
0.0662954
-1.19045
1.18385
0.379726
1.44966
-1.37926
-1.15646
-0.727281
-0.949107
-0.126973
0.206567
-0.505985
-0.847082
-0.460506
-1.73753
-1.02291
-1.22852
-0.1694
-0.192805
1.2229
-0.364177
-0.105219
-0.637702
-0.0603371
1.09026
-0.00612314
0.509182
1.63241
-1.35174
1.24571
-2.19304
0.151574
-0.02858
0.482851
0.321379
-0.766839
0.182384
0.507178
-0.745689
-0.658462
-0.249624
1.0408
-0.254585
-1.65425
-0.824645
1.46927
-0.998676
1.85497
-0.56821
0.337002
0.361484
2.32424
0.0984563
-0.916299
-0.734154
-1.56189
0.217658
-1.26839
-1.08472
-2.07548
0.310678
0.722994
0.0422648
0.101874
0.347088
0.279517
1.69996
-0.244904
-0.411544
-0.129218
-0.00755538
-0.236868
-0.797716
1.66403
-1.33688
0.232934
-0.244652
-0.723888
-1.12804
-0.536373
-0.16585
0.285191
0.232708
0.271636
1.29074
0.389388
-0.79028
0.626817
0.758121
-1.29243
0.406668
1.67043
-0.370953
-2.15769
-2.04315
0.0969993
1.93742
-1.02497
-0.799191
-0.169949
1.55368
-0.120468
1.08309
-0.424889
-1.03643
-1.46856
-0.374768
1.24958
-2.27877
0.0961457
-0.920596
2.16739
-0.389896
-1.51563
0.260648
1.07683
-0.121301
-2.92573
-0.0750299
1.03169
0.991093
0.0273336
0.526291
0.513874
-1.67494
-0.132463
0.744239
-1.57791
0.682655
1.33052
-0.0630101
-2.20379
-0.214604
-0.360724
0.285756
0.607284
0.186922
2.23444
-1.10655
0.476777
-0.414354
-1.24652
0.163524
-1.92284
0.351043
0.109998
-0.373065
0.838401
-0.717632
1.30098
1.16759
-0.677997
-0.0355944
-0.272438
1.80623
-0.992092
-0.845205
0.294533
-0.0871716
-1.71975
1.67105
0.982052
-0.325887
-0.304346
-2.18397
-0.221071
-0.638722
0.117056
0.772329
0.66568
1.1009
-1.7976
0.648236
-0.674794
-1.36718
-0.527166
-0.501039
1.2524
-1.17411
1.58241
0.391385
-0.390717
-1.19537
2.91438
1.26237
-0.0821575
0.866006
1.62172
0.790193
-1.7333
-0.210234
-0.454715
0.450198
-0.361087
-0.751763
0.802999
-0.0404258
0.108683
-0.379236
-0.119292
-0.742796
-0.982582
-1.35071
0.253955
0.310681
-0.234366
1.00594
-0.175652
-0.394493
0.539684
-0.493504
-0.826009
1.84776
0.282478
-1.07984
-2.22801
-0.238648
-0.555799
-0.444963
-0.25846
0.963094
0.336777
-0.604241
0.689138
-2.08009
0.86013
-1.14191
-1.28667
-0.13358
-0.600772
-1.15283
-1.38437
1.1196
-0.817231
-0.994351
0.437705
0.341086
-0.360527
2.09521
-0.147932
0.357098
0.642241
-0.573682
-1.53339
1.16554
0.106308
0.278149
-0.466473
0.933431
0.803475
-0.68728
-1.1518
-2.50149
1.32399
-0.30265
-2.10791
-0.521456
-0.0239099
-0.155724
2.00699
1.06398
1.36876
0.732415
0.204762
0.715314
-0.120683
0.133661
1.21003
-1.13592
0.0401975
-0.934849
0.448918
0.182454
0.732854
0.174834
-2.08707
0.242386
-1.88823
-0.125306
-0.342032
1.93486
-0.776597
0.147832
-0.215012
0.616144
1.23584
-0.503252
1.25834
0.590279
-1.29614
-0.900631
-0.760069
0.968023
-0.142402
0.565162
1.81719
-0.458212
-1.20559
0.284623
-1.12963
0.227905
1.13118
-0.102021
0.501062
-0.365994
-0.904127
-0.235856
-1.53433
0.68162
0.434006
0.878283
0.161276
-0.104141
0.125338
-0.30269
1.84946
0.745235
0.616442
-0.160748
2.7677
-1.98514
1.48465
-0.371635
-0.771067
-0.73125
0.175254
0.588983
-1.17824
-1.29465
0.906153
-0.653583
0.947136
1.25934
-0.889155
1.34416
-0.0567755
-1.33578
0.871334
0.219075
-1.08639
-0.222823
0.744488
-0.699193
-0.239348
-0.861899
0.672059
-1.28278
0.291225
0.811835
-0.150851
0.186825
1.28436
1.40742
-0.564494
0.117122
1.71627
-1.0151
1.61095
0.312928
0.184046
-1.70395
-0.271189
0.300437
0.620926
1.2961
-0.0519296
1.48443
-0.418795
-0.372887
0.482155
-0.991066
-0.215509
-0.175467
-0.994024
1.23853
-1.04249
-0.048981
2.65697
1.1123
0.102101
0.0485573
0.960273
0.701792
-0.975705
-1.05284
1.85868
-0.0285848
-0.177763
0.986712
-1.47526
1.97858
1.20952
-0.836377
-1.95498
-0.565365
0.0433305
-0.43391
-1.26749
-0.705732
-0.505871
-0.115282
0.513384
-1.08363
0.197175
0.817738
-1.8017
1.09238
0.0329616
0.361705
0.744085
-0.0734299
-1.40222
-0.379657
-0.997548
0.49588
-0.707053
-1.83734
-1.13877
0.263135
0.123455
-0.219187
0.0176139
-0.54205
0.769975
0.930905
-1.11632
-1.05228
-0.234138
0.514957
-0.341464
1.48557
-0.108708
0.64815
-0.191737
0.518413
-1.64108
0.897479
-2.44034
4.00649
-0.0771487
-1.93169
0.20571
1.03194
1.00248
0.0959217
-1.01038
-0.84415
-1.69401
1.05977
-0.959216
-0.156407
-0.155226
-0.467964
0.709193
-0.70802
-2.05941
-1.5529
0.126861
-2.38005
2.50501
0.433165
2.48335
-0.608651
0.626091
-1.4789
-0.307344
0.77199
0.624999
-0.00401927
1.07893
-0.552429
-0.897087
-0.214076
0.24157
-0.195661
-0.57055
0.742449
-0.585507
2.34162
-0.505471
-0.26984
-0.717986
0.730558
-0.811694
0.0749846
0.411657
0.165426
0.80197
-0.717736
2.5457
0.573637
0.14883
-0.410474
0.794652
0.0643712
-1.00054
0.794761
-0.25744
-0.747622
-0.449935
-0.164355
-1.3174
-0.982951
0.675875
0.24016
-0.528549
0.130839
-0.217974
-0.275061
0.251278
0.341927
0.521059
1.89402
1.54796
-0.636241
1.12845
0.0793984
-1.31162
1.62399
0.38783
-1.93499
-0.150001
-0.357382
2.116
0.465633
1.0201
-0.849578
0.793075
-0.906172
0.512981
0.652522
-1.85676
-1.0539
-0.73757
-0.602115
-1.15579
-0.833548
-1.3403
0.0605906
0.304772
-1.39201
-0.49353
-1.52698
-0.991502
-0.638962
0.432736
0.490767
-1.03249
0.884155
1.08598
0.480571
-0.319106
2.17478
-0.0779391
-0.41931
-1.66824
0.236822
0.828951
-0.240478
-0.671683
-0.403315
0.253105
0.683295
0.873865
0.743188
0.834527
-0.0131592
0.864144
0.492466
0.539079
-0.881033
0.352898
0.246334
-0.472429
-2.03613
-0.0516919
0.507882
0.435223
0.272784
-0.135734
-1.57314
-0.10867
-1.25396
0.214023
-0.215198
-1.45058
-0.585949
-0.308771
-1.11832
-0.459253
0.43203
-0.544313
-0.700273
-0.0323916
-0.0914678
-0.0844884
0.364418
-0.415625
-1.53581
0.506533
0.62154
-0.603888
-2.40621
0.491587
1.75726
-0.877514
-0.88797
-0.0699115
1.31173
-1.21907
1.62022
-0.541398
0.953019
1.63669
-1.39206
-0.414766
0.742331
0.11753
1.10238
-0.391087
0.332524
-0.68047
-1.53826
-0.701135
-0.693986
-1.21117
0.0760673
-0.483801
0.90055
-0.406362
0.164763
-1.23923
-1.19155
0.964961
-0.236858
-1.90386
-2.50355
0.433493
-0.469109
0.164652
0.479512
1.28368
1.26559
0.789696
-0.528524
0.360945
1.78545
0.778732
-1.49656
1.73064
0.104347
1.53654
-0.364196
0.310142
0.0102338
-0.594347
0.274854
-0.67907
-0.3879
-0.531181
-0.521236
0.468561
0.204129
0.765796
2.51161
0.461619
0.826014
0.119336
-0.322483
0.655274
-0.938272
0.57895
-0.438128
0.441419
-2.61309
0.218537
-0.525464
-0.0780116
0.279091
0.901142
1.05772
-0.869015
-0.485584
0.308315
1.15017
1.43207
-0.788678
0.805656
-1.52972
-0.691478
1.25154
1.2086
0.0892652
-0.771495
-0.108649
-2.04899
-0.252075
0.00669615
0.0253586
0.0431022
-0.112102
-1.33753
0.710538
1.52289
-0.387889
1.318
0.861951
2.60068
-0.0747831
0.276884
0.669469
0.908069
0.556006
2.94313
1.02904
1.56544
-1.96999
0.802181
-0.286874
-2.01147
-0.273449
1.99391
-0.121644
-1.20126
2.68851
0.494478
-1.02673
0.632438
-0.187341
-0.220511
-1.71024
-1.24204
-0.820667
0.614404
0.367863
-0.339046
0.355572
-0.485384
-0.567689
1.20504
-0.366617
-0.61219
-1.01618
1.01862
-1.24517
-0.976929
0.795848
-0.304496
0.332581
-0.757295
1.02092
-0.973757
3.46301
0.464561
0.350659
-0.870412
0.0594869
-0.304539
1.69232
-0.157055
2.17757
-1.41
-0.606884
-0.252118
-1.378
0.400133
-1.69511
0.695123
-1.22477
0.667582
0.609356
1.25674
0.664205
-0.27339
0.805081
-1.71992
1.20671
-0.685254
-0.876467
0.0241413
0.206365
-1.59941
1.1889
-0.56431
2.37736
0.319286
-0.00709587
1.06746
0.0203157
-1.60491
-0.0171493
0.533623
-1.76661
0.728744
-0.883398
-0.703757
0.694899
0.702964
-1.05636
0.158937
0.527595
-0.757091
-0.230428
1.00786
-1.30647
-0.36211
0.310086
-0.11754
-1.00788
-0.213168
-0.166579
-0.381665
-0.757498
-0.87463
0.940889
1.12475
0.0899266
1.94892
1.05856
-0.898612
0.81556
-0.923394
0.225043
0.646711
0.00368619
0.343185
-0.788893
1.43365
-0.594275
0.187061
0.569314
0.629482
0.321454
0.251767
-1.34532
-0.0632253
1.21943
-0.00399692
0.851035
-0.422156
0.612261
0.119277
1.07036
-0.958562
-0.354254
-0.348236
-0.381079
-0.13031
-0.697027
0.746761
-2.17349
1.55496
0.129765
0.0637101
2.39018
0.738007
-1.1953
0.431194
1.83228
-1.12503
0.469877
0.407292
-0.172755
0.874243
-0.652795
-0.00821228
-0.0426843
-0.498074
0.833059
0.421737
0.660664
0.253485
-0.352346
1.13932
-0.201511
0.254307
1.76797
0.884959
1.75278
-0.902189
0.597495
-0.536237
0.384448
0.726491
-0.736612
-1.57783
0.458481
0.0638473
-0.204311
0.425043
0.639644
0.0103087
0.204379
1.19702
0.109152
-0.943559
-0.419294
0.568567
0.0386545
-0.467157
0.321226
0.735681
-0.206292
0.437206
-0.726607
0.363631
-0.61283
1.2985
-0.910786
0.875621
0.889611
0.938205
0.136116
-0.0226509
-2.18791
0.635661
-1.83693
0.0767024
-0.616697
-1.09625
0.583691
0.483541
0.552118
-0.620778
0.642302
1.96584
1.02123
1.55823
0.0317291
1.15392
1.36436
-0.619972
-1.5562
0.102788
-0.274858
0.290972
-0.686882
0.213362
1.22035
-0.169909
0.0565681
1.19422
-0.290919
0.577156
-0.829362
-1.06307
1.18009
-0.0197147
0.419368
0.473979
-0.63163
0.322767
-0.832025
-0.139832
-1.58168
0.000896034
-1.62412
-0.0101059
0.98308
-2.04143
0.0751476
-0.77532
-1.27757
-0.95092
-1.60911
0.0627612
0.0957573
1.12139
0.685428
-0.398194
1.27118
0.208932
0.277976
-1.44067
0.302424
-0.19607
0.301742
0.671693
-1.33545
-1.41941
-0.194756
-0.853998
1.05519
1.56239
0.841368
0.00205413
0.732501
-1.52167
-0.488986
-0.237527
1.52082
-1.08995
1.02384
-0.110672
-1.17993
-0.0277502
0.688761
-1.35067
-0.809753
1.44424
-0.833583
-0.632549
-2.23267
-0.826645
-2.06012
0.72254
-0.0858993
0.73064
2.48902
-0.935003
-0.532227
0.669617
0.912194
0.863753
-2.17779
1.62162
-1.26551
-1.06572
1.45756
-0.794495
-0.566376
0.131153
2.00193
-0.677526
2.17197
0.420714
-0.898571
-1.65229
-0.84182
-0.927451
0.365224
-0.644894
0.0787136
-0.352268
-1.23031
1.20824
-2.02222
0.606972
0.677827
-1.46439
0.62724
1.03888
0.830465
-1.3905
0.566552
-0.527244
0.169301
-1.03013
-1.03098
-0.318627
-0.322044
0.477727
0.358517
-0.297003
0.302243
-0.190485
-0.418117
-0.594564
-0.291742
-1.15353
0.906002
-0.0110584
-1.28636
1.35922
-0.758424
-0.524822
1.10057
1.22848
-1.94146
-1.34364
-0.223296
0.226507
1.49375
1.28908
-1.21288
-0.341289
-0.9573
0.217285
0.853776
-0.485842
0.667944
0.735957
-0.234397
-0.00995546
2.16039
0.161451
0.773726
0.149714
0.887152
-2.09818
-0.443125
-2.50029
0.421138
-0.701622
0.60492
-0.487642
-0.182873
-0.359023
-1.5443
1.08325
-0.668684
-0.40623
-0.0954646
0.677751
-0.381117
-0.505593
0.395394
0.556028
-0.928345
2.04289
-1.37751
2.35294
-1.516
0.912132
0.976498
0.889735
1.99554
0.454633
0.972585
-2.44079
-0.0544787
-0.392185
0.522279
0.683725
0.0016769
-0.416398
1.14562
-0.163966
-0.688934
0.528047
-0.62266
0.639001
0.650272
0.0523896
0.848305
0.503961
0.438519
0.1558
-0.532427
1.25106
-1.28106
-0.103245
0.303432
-0.719667
-0.706883
0.471926
0.266528
-1.71002
2.35236
1.47872
-1.47695
0.0896138
0.823867
0.439486
1.38349
-1.34631
-0.381315
2.87021
-0.410855
-1.17286
-1.85417
1.12318
0.168117
-0.599478
2.08243
-0.445873
-0.509617
0.139159
0.585206
-0.0813211
-0.74582
-0.965581
0.972258
-0.409227
1.70602
0.0402292
0.300923
1.56576
-0.339333
-1.00823
-1.14344
-0.778638
1.16589
1.27158
-1.82788
0.700248
1.57909
-0.658533
0.76993
-0.265384
1.84712
-0.574805
-0.0576111
-1.59618
0.328866
-0.348959
-0.517254
0.0123977
1.16434
1.00852
0.298048
2.58356
-1.57432
-0.389862
0.346376
0.919045
1.39818
-0.637776
-0.352152
-0.172671
0.440192
-2.03462
1.92718
-0.511586
-0.339474
-0.614112
-0.365576
1.48196
0.550772
-1.26176
-1.66246
-2.04299
0.0608821
-3.37661
-1.45772
-1.50964
0.653358
-0.538926
-0.730238
-1.63699
0.951491
1.04391
1.19532
0.848684
-1.55589
-1.42787
0.508228
-0.0314618
0.801204
0.0104016
-0.328532
0.819678
-1.04087
-0.741987
-2.4385
0.584828
-1.01022
-0.476742
-0.0421115
0.349392
0.00896917
-1.02222
0.528928
0.824766
0.821834
1.15843
1.61251
0.215988
-0.440397
0.489628
0.262558
-0.200949
-0.543233
-0.131053
-0.633914
-0.256312
-0.0964678
0.131619
0.451037
-0.0129263
-1.83316
-0.401767
-0.43131
-0.178754
-0.246655
-0.722415
0.934712
-1.39697
-0.215799
1.37636
1.01653
0.680489
0.981724
-0.533854
-0.586941
0.888774
0.19506
-0.232309
-0.285116
-0.158838
0.182193
0.480359
-0.372455
-1.98959
-0.333935
-1.14327
0.334232
1.14156
-1.35525
0.34803
-0.141404
0.330675
1.95632
-0.951827
-0.0796281
-0.793475
-2.03982
-0.0209885
1.40448
-0.116643
-0.0675525
-0.36948
0.0249741
-0.661944
2.04806
0.271758
1.37544
-1.02989
-0.285009
0.792815
1.1285
-0.436673
1.73212
1.1332
2.23907
-0.638876
0.538935
-0.456146
0.983391
-0.635121
0.887928
-0.199706
1.58437
-0.283794
0.868776
0.477312
-0.219051
0.30185
-0.41486
-0.571942
0.354565
-0.577718
0.184443
-0.735583
-1.43753
-0.398435
0.350194
-1.1806
0.401692
-0.920832
1.36145
1.70412
-1.48149
-0.993096
-0.833754
0.0829075
-0.103842
-1.42381
0.23351
0.189958
-2.20969
1.23391
-0.773713
0.82049
-0.339035
0.0965339
-0.932943
-1.03222
-1.39232
0.20011
-0.00985112
3.04581
-0.429078
-2.61529
0.201073
-0.987196
-1.85257
-0.257928
-0.451666
-0.177838
-0.0925351
1.08068
0.36319
0.04767
-1.22282
-0.825468
0.199206
0.55762
-0.179405
1.27846
-0.624523
-0.682825
0.63738
-1.04652
-0.920785
1.20475
-1.82418
1.76414
1.22993
0.938238
-0.946775
-0.551892
-0.23867
-1.77519
-0.800809
0.00191212
0.655264
-0.191641
1.00534
-0.961143
-1.79199
0.657642
-1.67884
-1.32181
-2.73796
-0.69069
-0.972006
-0.469015
1.4706
1.46047
0.336749
0.808364
-0.579878
-0.52816
0.566327
-0.674194
-0.144883
-0.172558
-0.0870146
0.360371
2.42234
0.197545
1.13844
0.150007
-1.17981
1.25145
1.07582
-0.28342
-1.28098
-1.75437
-1.96782
-2.162
0.394752
0.895821
-0.251767
-0.537912
1.52449
-1.05256
-1.10778
0.322721
-0.278803
-0.445761
0.398421
0.361486
0.717595
1.27825
-1.09846
-0.0840979
-1.46338
0.38162
-0.589796
-0.304473
2.53895
-0.186296
-0.675697
-0.802878
-0.982508
-1.02469
0.681148
-1.26588
-1.22446
-0.0546508
-0.32008
-0.813167
-0.495072
-2.20763
-0.834683
0.0341853
0.332226
0.849259
1.12897
0.889754
1.00684
-1.15337
1.22082
-0.762177
-0.823346
0.0201072
0.716361
0.997855
0.229981
-0.465297
-1.30892
-1.42748
-0.329224
0.562995
-0.21398
0.33728
2.1982
0.568895
-0.508948
0.940763
0.772553
0.0407419
-0.959734
1.05971
-2.17223
1.04082
0.725362
-2.05182
-0.258358
-0.0984969
-0.576289
-0.0177598
-0.581737
1.90463
-0.233208
-0.486622
-0.531431
-1.71767
0.201284
-1.20149
1.47946
1.78962
-0.91064
1.02755
0.605655
-0.175197
-0.49142
-0.837938
0.455957
0.22966
0.317405
0.973451
0.0867422
-1.45553
2.90109
0.0991996
1.01837
0.294355
0.747588
1.15557
-0.0605241
-0.00511786
1.02676
-0.575536
0.710434
0.852694
-2.41412
-0.311567
0.496218
1.41133
-0.394124
0.162483
-1.13763
0.167345
-1.38077
-0.927334
-0.742676
-0.141633
-0.796796
1.17041
0.329294
2.13433
-0.738929
0.0611616
-0.896458
0.330693
-0.741246
0.886207
2.31473
0.942022
0.129518
-0.260217
-0.991232
-0.681336
1.27351
-1.03118
0.014249
0.544836
-0.499007
1.27527
1.58226
-0.116771
0.116346
0.444675
-0.912488
0.00275522
0.889177
2.41301
-1.60321
0.955667
-1.20368
1.44309
0.674688
0.425226
1.06395
0.719876
-1.54454
2.12018
-0.402466
0.536408
0.397682
0.447982
-0.82901
-0.0324853
-1.66681
0.519436
-1.29607
-2.00518
0.0960128
-1.91638
-0.869414
-0.363666
-2.23747
-1.19462
-0.690031
1.94317
1.07697
-0.760747
-0.859677
0.82783
0.0715831
1.07855
-0.865203
-0.733556
-0.837464
-0.10169
-0.289311
0.178317
0.818167
1.54367
-0.645662
-0.0434117
-0.156081
0.515325
1.0494
-0.259012
-1.15673
-0.786945
-0.491371
-0.0565438
-0.479151
-0.0969749
-1.94907
-1.56442
-2.11742
-1.27167
-0.976619
-0.795341
-0.748085
-1.76824
-1.31857
0.84674
0.995946
-2.67971
-1.43615
1.55422
0.895069
0.715972
-0.484766
-0.614138
-0.494381
-0.841724
-0.608349
0.959058
0.159197
-1.80145
-1.8405
-0.0224833
0.506676
0.0853845
1.45176
0.00974679
-1.35133
-1.37752
-1.20175
-0.0385134
1.20605
-0.594981
-1.08111
-0.0462487
-0.80453
0.258669
1.00364
-0.860669
-0.0940692
-0.168716
0.000989039
0.273089
0.358507
1.15656
-0.364037
0.393725
-0.742874
0.853922
0.713004
0.828163
0.368009
0.00649375
-1.2099
-0.638156
0.457088
0.147993
0.619529
0.946588
-0.404731
1.28259
0.427228
-0.451788
-0.287185
-0.198426
0.807081
-0.979375
-0.982118
1.10124
-0.654592
0.382442
-0.0246503
0.37981
1.12178
-0.486875
-1.05313
-0.603087
-0.0489191
1.75725
-1.30477
-0.984317
-0.385094
0.727236
1.87129
-1.45924
0.489427
-0.946096
0.0278856
1.2022
2.80915
1.58702
-0.237587
-0.0295348
2.57334
-0.4017
-0.884993
0.409822
-1.02001
-0.470208
-1.52904
0.448446
0.709091
-0.825686
-1.25967
1.16701
-0.599969
0.928134
-1.58089
-0.498294
-0.220859
-0.566803
0.712576
0.895761
1.23176
0.292332
1.32029
-1.63408
0.697019
-0.522586
0.765266
-0.408245
0.396107
-0.44688
-0.37176
0.656529
0.508868
0.172351
-0.532489
1.24982
0.854052
-0.302957
0.551566
-0.295773
-0.251781
0.379241
-0.787231
0.98778
-1.09488
-0.621262
-0.925586
-0.268473
0.810247
-0.946571
-0.398449
-0.633882
-1.57885
0.812267
-0.525288
0.426908
-1.38464
0.503974
-1.9928
-0.224919
-0.238349
-1.45466
0.83147
1.27109
-1.11272
1.23409
-1.75009
-0.285701
0.306441
0.624215
-0.312487
-0.167247
-0.0843928
-1.77146
0.388384
-0.404002
1.13856
-1.27917
-0.0295714
-0.759661
0.083256
-0.876907
0.70652
1.12401
-0.19425
-0.891793
1.00863
0.335508
-0.906078
1.6148
-0.681625
0.520949
0.224547
-0.889839
-0.607812
-0.504369
-0.564263
-0.859301
0.0901285
0.513376
-0.962742
0.0638888
0.0895526
-0.344312
-0.140679
-1.49212
-1.71991
-0.0182444
0.11813
1.4982
0.233197
0.0813331
1.72863
-0.0932844
0.217372
1.26078
0.311714
0.796639
0.930857
-0.108308
-0.54583
0.767849
0.618686
-0.382006
1.03094
-0.33144
-0.12606
-0.0673957
-1.22908
-0.0298556
-2.00145
-1.63026
1.38798
1.1069
0.170167
-0.244855
0.572806
-0.443583
0.372751
0.497969
-0.150372
0.439819
0.0783349
-0.152762
-0.799604
0.266451
0.593676
-0.171877
2.13091
-0.528338
0.544781
0.236429
-1.48851
1.46535
0.646489
-0.869651
-0.750443
1.69763
0.395372
0.358634
-0.224362
1.44383
1.40223
0.259898
-1.58879
-0.196915
-0.471866
0.168359
-0.41638
0.954448
0.577692
-0.584989
0.504731
1.2268
-0.875579
-0.477627
-2.10482
-0.303097
0.390403
1.01402
0.0925473
-1.54522
0.88754
-2.10733
-1.67213
-1.29869
0.353953
0.904434
-0.671548
-1.72294
0.0873148
-1.06625
-0.416769
-1.02502
0.606678
2.02139
-1.20378
0.500201
-1.09393
0.22283
2.20792
1.76281
-2.40086
-0.653033
-0.25448
-1.54799
-1.21398
-0.876556
-0.50357
0.655837
-0.746975
0.518453
0.177282
-0.682195
-0.636387
-0.725418
0.192648
0.806882
-0.531391
0.287758
-1.18668
1.24033
0.644182
-2.08557
0.0706444
1.6144
-0.642646
0.990421
-0.964404
-0.80846
-0.3899
-0.153045
-0.73847
1.72548
0.307013
0.264534
2.76685
-0.134198
-0.220415
-1.70028
2.02886
-0.645427
-0.432496
-0.471454
-0.23604
-0.807722
1.12174
-1.43367
0.753379
0.495608
-1.93243
0.866376
0.172617
-0.671206
-0.309289
0.217182
-0.0435436
-0.0810097
2.38482
0.593412
-1.01945
-0.476452
0.408952
-1.73756
0.0887697
-1.5764
-0.0902218
1.29034
0.915006
0.100814
-2.22026
-0.499435
1.70163
0.721927
-1.90852
0.403421
1.0776
-0.178717
2.4221
-0.226892
-1.38133
0.033583
-0.274198
-0.963045
-0.388117
0.192945
0.424702
-0.678226
0.940003
-0.28031
-1.24223
-0.137799
0.879946
-0.0947755
1.15219
-1.20075
0.0218142
0.725298
1.03398
0.156722
-0.322435
1.00889
0.665549
-0.00899245
-0.709947
0.0596968
1.38085
1.56483
0.782954
-0.512326
0.264324
1.3846
1.1366
0.417899
-0.0543824
-0.715196
0.0405022
0.809932
-1.2994
-0.629015
-0.387518
0.567172
1.54456
1.68934
1.02401
0.589154
0.485834
-0.761464
-1.52031
0.438108
-0.0227628
-1.02639
-0.223314
2.45291
0.295552
0.282238
-1.66901
-0.392431
0.713024
-1.85356
1.05421
-0.256854
-0.45846
-0.730365
-0.681428
-1.65488
0.845997
-1.58127
-1.51237
-0.218894
-1.02236
0.779285
0.620544
0.272246
0.726951
-0.789659
1.8889
-0.0635978
-0.80131
-2.18187
-0.993453
-0.523273
0.314618
1.78849
-0.653489
-1.80639
0.304166
-0.668326
0.261669
0.423627
-0.856427
-0.700316
1.06534
0.315213
-0.736543
1.0717
-0.240751
0.427897
1.25397
-0.908409
-0.229176
0.52392
-0.87543
-0.2727
1.20667
0.0381527
-1.00113
1.64389
-0.752007
1.02067
-0.230209
0.702466
-1.04961
-1.9084
-0.57375
0.461422
-1.1908
-1.44275
-0.633315
-0.554006
0.583321
-0.00223812
-0.674944
1.0241
-1.21546
0.107055
-0.121736
0.877817
-0.113004
-0.684336
0.156557
-1.81611
0.588156
0.112605
-0.551251
-0.280858
1.40751
0.913521
-0.542531
0.706395
-0.372021
-0.587523
-0.693772
1.99973
-0.296394
0.706137
0.42273
-0.59088
-0.563465
0.263658
0.790022
2.10372
-0.620881
0.0133178
-0.360916
-0.131988
0.755447
0.84751
-1.27435
-1.12456
-1.11562
-0.131471
0.531638
-0.702373
-0.912183
0.68668
1.58015
1.31155
0.164527
-0.302636
-1.3027
-1.36592
0.521986
-0.807454
-0.0344392
-0.137098
0.0407329
0.422574
-0.675075
0.32383
-0.797331
1.02569
1.03751
0.766078
-1.19034
1.28835
-0.490733
-0.883094
-0.772359
-1.43137
0.797661
-2.81345
0.476381
0.00772454
-1.29295
-0.104644
1.47212
0.660493
-0.370179
-0.105987
-0.337644
-0.524798
0.345813
-0.0652313
-0.0731443
0.814612
0.800008
-1.09996
0.1749
0.435335
0.298795
0.089218
0.135305
0.31872
1.70652
-0.683135
-2.15901
0.53842
1.46264
0.251388
-2.7646
0.14075
0.335944
0.798163
-0.850019
0.263111
-0.107147
0.133262
0.786427
0.88307
-1.51409
-0.58895
-1.34677
-2.13959
1.29171
0.378777
0.00676472
0.0515978
0.0993522
-0.834107
-0.366775
-0.177628
-0.635391
-1.19184
-0.361579
1.55079
1.63754
-0.904167
0.634953
0.867988
0.642857
-0.885169
0.292584
-0.88736
0.192445
0.32123
0.457409
-0.47984
-0.629491
-1.28115
0.480364
1.36779
-0.627529
-0.471673
0.58013
1.28016
0.679305
0.428616
2.00481
-1.20479
0.0510386
-0.113639
-2.075
0.877232
0.0852062
-0.507874
-0.344232
1.57146
-0.809333
0.546577
1.1429
1.18548
-0.947811
2.08394
1.31126
0.308459
0.0063955
-1.10634
-0.367204
1.06966
1.25807
-0.351484
-1.21798
-0.486574
0.683644
0.385043
0.0171977
0.590781
-0.442064
-0.655911
-0.404
1.23951
1.74914
-1.2849
1.42033
0.2501
-1.11063
1.07489
0.262404
-0.437572
-0.912499
0.0778471
-0.709484
-0.652056
0.0958095
0.338252
1.38282
0.77079
-0.0342171
0.602416
0.978532
-1.55399
0.296928
-1.84616
-0.492233
0.732052
-0.921783
-1.16274
-1.26177
-0.110885
1.37363
-0.917404
-1.41208
-0.481746
0.935673
-0.662816
0.323485
0.566162
1.24802
-0.360454
-0.735709
-0.322175
-0.0575512
0.466497
0.650031
-0.216622
1.11476
1.83349
0.224654
1.55104
0.254294
0.596594
-0.828591
-1.21024
-0.242724
1.37102
-1.28436
-0.7582
-1.46373
-1.35378
-0.745749
-1.11453
1.25028
0.642497
0.250352
-2.4043
0.207284
0.147376
1.11591
1.09141
0.702024
-0.507938
-0.212493
2.05569
-0.817953
0.128554
0.902873
0.584869
-1.40824
0.852421
-1.30819
1.22508
2.0332
-0.506659
-0.962566
0.42672
-0.362579
-0.248282
0.435569
0.172927
-1.09158
-1.64774
0.98981
-1.26959
-1.25754
-0.575949
0.786084
1.19863
0.242016
0.532021
0.988765
-1.97676
0.206143
0.471398
0.132017
0.182621
-0.0454554
0.19059
0.513936
-0.494023
-0.549156
0.662514
0.0046795
-2.27482
-0.535943
0.844065
-1.14927
-0.102576
-0.081828
-1.19738
1.67755
-0.890768
-1.46983
1.23364
-0.125285
0.635286
-0.354988
0.872553
-1.24581
1.34327
-0.129071
-0.356425
-0.916878
-0.466745
-0.0262965
0.191653
0.790896
-2.13281
-0.066179
-0.449544
0.0917121
0.942372
-0.267224
0.58965
1.41461
-0.172468
-0.201353
1.33417
1.10831
-0.101634
-1.17819
0.503246
1.05878
1.14166
0.238863
-0.483432
0.526632
-1.27559
-0.143485
-1.04115
1.70716
0.161515
-0.0575897
-1.69016
-0.684683
-0.590453
-0.732161
1.07239
-1.00284
-0.0852451
-1.41645
1.2102
-1.08478
0.128023
2.86606
1.37436
1.66145
-0.243634
-0.760739
-1.28792
-0.4481
0.209902
1.48135
0.185094
1.29971
-0.782199
0.933915
-0.0829565
-0.276268
1.76258
0.394373
-0.379339
-1.09636
0.0813396
-0.18519
-1.41218
1.9115
-1.00574
-0.813736
-0.379746
-0.471741
-2.03805
-0.0519421
-1.3471
1.32736
2.15976
-0.260241
1.02592
-0.552691
-1.25709
-0.435861
-0.384949
0.730072
-0.0615187
1.41772
0.506195
-1.33483
-1.70049
0.779906
1.86271
0.0638319
-2.71785
1.00593
-0.813726
1.11715
-1.46387
2.62836
0.903428
-0.13753
1.09248
0.133823
0.109432
0.0590984
-0.0199884
-2.1191
0.130071
0.317718
0.280505
-0.130492
-0.983969
0.263879
-1.3625
-1.94233
0.919751
0.838632
0.0729639
-0.301666
0.899474
-1.59736
0.634613
-1.77048
1.07773
1.57694
-1.02404
-0.286016
-1.22324
1.71689
0.613
-1.53672
-0.881315
-0.356884
0.339603
0.381189
1.15023
-1.48926
1.19975
-0.755501
1.15986
0.0912961
-0.0849553
1.95976
-0.961402
-0.221881
-1.3243
0.943927
-1.41554
1.58108
0.0618124
-0.103395
-0.389109
0.513023
0.471732
0.373713
0.653271
0.879744
-0.476174
-0.902433
0.0624662
0.602912
1.24931
0.377438
-1.94941
0.295288
-0.402912
-1.02786
-0.791807
-0.342884
-0.439837
-1.49257
-1.18667
-3.22285
0.217917
0.986289
0.52979
0.0396305
0.29684
-1.00268
0.0470988
-0.438992
-1.67702
-1.50808
-1.70089
0.400742
0.0519316
1.94139
-1.41239
-0.539291
0.853483
0.296454
1.41683
0.134968
-1.79164
0.973422
0.672965
-0.939572
0.141439
-1.00454
0.637566
1.45547
0.505389
-1.33553
0.0475914
0.632191
-1.05338
1.04843
2.12535
0.0181766
-0.238736
0.603589
-0.595774
0.680592
-0.272542
-0.120974
-0.362722
-0.177109
-0.997392
0.733372
-0.626159
3.33275
1.31996
-1.11663
-0.374306
0.658163
-1.37144
-1.21875
0.562256
1.8117
0.869813
-1.68285
-0.434562
-1.50112
-0.145733
-0.396854
0.590845
-2.65556
-0.960719
0.544359
-0.33732
0.420552
0.86222
-1.36216
1.9609
0.0745605
-0.465798
1.29647
-1.38232
0.984474
-0.591187
0.736394
-0.52627
-0.238558
-0.195468
0.0578355
-0.0963233
-0.888162
-2.11597
-1.29967
0.475006
-1.40266
-0.43251
0.670804
-0.136195
0.891368
0.299021
-1.48597
-0.0954283
-0.325626
-0.214569
1.67105
1.63021
-1.27507
2.26666e-05
-1.695
-1.29811
0.208846
-0.757577
0.805305
0.0319594
0.35408
0.243068
-0.922618
-2.37567
-0.799124
1.37906
0.294083
-0.357063
-0.196927
-0.543018
-0.447269
0.260095
-0.949434
0.518633
-0.547378
-0.953534
0.564196
-0.707238
0.40537
0.574513
2.10061
0.063482
-0.15097
0.466757
-1.03961
-1.76915
-0.537891
0.750429
-1.62522
-1.32054
0.519453
0.0496086
-0.148915
-1.92639
-0.226403
1.0455
-0.947992
1.0005
-0.276988
-1.02731
0.47939
0.134337
0.817607
0.155845
2.15153
0.83687
-0.0833438
-0.45663
0.0933418
-0.307842
-1.06754
-1.04876
-0.696937
-0.559419
0.0322868
1.13812
-0.648339
-1.61776
-0.881987
-0.601552
0.943661
1.48249
-0.0145243
2.08882
-1.10864
0.317044
-1.56454
1.53461
0.622764
0.117943
0.509174
0.578051
-0.260306
-0.965956
-0.0442607
-0.640863
-0.157347
-0.630813
-0.538301
-1.08796
0.525086
0.144018
-0.726461
1.2379
0.297873
-0.876049
-0.974061
0.670909
0.376335
-1.11704
0.7778
-0.642401
-1.52121
-0.162736
0.217931
1.30847
-0.531737
0.540737
1.43544
-0.403674
0.596321
-0.256617
2.46846
-0.764556
-0.259412
0.632254
-0.848643
0.732262
1.34702
0.147623
-0.631762
0.957473
-0.565132
-0.446705
0.265068
-1.00864
-0.182184
-0.629022
-1.62442
-0.640966
1.3538
-0.0821532
0.973535
-1.88714
-1.03587
-1.4873
-1.11839
-0.867718
0.0364474
1.04947
-1.13711
0.0267056
1.01217
-0.693258
0.000544114
0.496216
-0.77624
1.55541
-0.0616209
0.241378
0.613836
0.178032
0.100812
2.45212
0.418082
0.685819
0.0471867
0.636626
1.19981
-0.375208
-0.731652
-0.598219
-1.28813
-0.117855
-0.317473
-1.03055
0.955715
0.369606
1.89057
0.0660842
0.898664
-0.18125
0.287707
0.138973
1.10681
1.45983
-0.529906
0.325227
0.0374525
1.17124
-0.811035
0.742633
-1.40901
-0.0576423
1.01116
-0.949509
1.22303
-0.815604
-0.919946
0.333238
0.659818
0.0196429
0.288564
-0.679966
0.911233
1.86477
-0.938755
0.792531
1.23356
-2.15191
0.913017
-0.918731
-0.348334
0.476743
-0.012964
0.472001
0.527997
-0.85497
1.53128
-1.13553
-0.106736
-0.943419
0.27493
-1.11523
-1.20549
-0.191374
0.522752
-0.112522
-0.434903
1.3099
-0.370659
0.390124
0.22523
-0.0235973
-0.670041
-0.743112
1.84086
0.159211
-1.0864
-0.886902
-1.16172
-0.0207627
1.23079
0.102034
-0.908729
1.12539
-0.205829
0.923954
-0.340281
0.462686
0.525048
1.20509
1.70288
0.356525
0.179397
0.609793
0.7641
-0.476648
-1.27075
0.68325
2.22077
0.175391
0.8176
-0.626731
-0.282782
0.200238
-0.972731
0.386376
-1.04701
0.13247
-0.178396
0.16157
-1.3623
0.435536
-1.1482
0.91677
-0.360213
-1.13861
-1.81741
-0.0582673
1.39482
-1.07073
-1.16405
0.783417
-0.730002
0.894918
-0.339964
1.20653
-1.09421
0.458497
-0.525206
1.56647
-0.0593779
0.0286262
-0.142226
-1.00827
-1.76934
0.0587905
-0.164366
-0.306423
0.258415
-0.372185
0.13415
0.618748
-1.12977
0.7141
-0.228223
-0.825191
-0.485896
-1.86366
1.2515
-1.10228
0.736374
-0.0655063
-1.09624
-0.973823
-1.46936
-1.26601
-0.94578
-1.53394
-0.520562
-0.300942
-1.12802
-0.290333
-1.14885
-0.504716
0.534061
0.0382352
-0.349859
1.19474
-0.0242971
-0.536077
-0.817675
-0.255534
0.745992
-1.2577
-0.919615
-2.45914
-0.869114
3.02896
0.231899
-0.225925
0.110702
-0.618347
0.280488
-0.839794
-0.783265
-1.00594
-0.152236
0.356391
-1.78141
0.347977
0.851075
2.5629
-0.427737
-0.533855
0.436842
1.2178
0.451704
1.41059
0.506647
0.382693
-0.738916
-0.820765
-0.741658
-0.417952
-1.96388
0.306754
0.60442
1.08605
-2.2534
-0.499569
0.809761
1.73321
-0.113923
-1.31077
0.428085
1.03567
-0.763212
-1.67154
1.24907
0.0197055
0.126374
1.57697
0.693133
1.37358
1.12094
0.247503
-0.361024
0.349202
-0.211978
-0.596702
-0.487017
-0.0554551
0.881189
0.639431
-0.502042
0.347349
-1.26983
-1.17306
-1.79133
-1.51239
-0.900002
0.723677
1.20722
0.480002
0.722272
-0.453175
-1.7758
-1.13964
1.17323
-0.596222
0.974613
-0.362368
-1.65456
1.82314
-0.529593
0.813332
-0.297793
-1.6258
0.461718
1.03102
1.23857
-0.610637
-0.0682387
0.968192
-1.11996
0.649376
1.46002
-0.135294
-0.524627
1.81637
-1.42827
1.37066
0.746209
1.63058
-0.994816
0.708626
-1.58976
-0.597987
0.310481
1.05042
0.48553
-0.254517
0.488683
0.518242
0.572815
-0.929435
-1.55192
-1.29975
-0.142853
-0.67757
-0.897097
0.0202158
-1.50818
1.19663
0.0999791
2.01685
-0.403585
-0.679344
-0.187045
-1.71341
-0.551648
-0.838878
-1.6522
-0.218327
-0.35859
1.25653
-0.589726
0.257501
0.303935
-0.562693
-0.0150314
-1.07859
0.763693
-0.217522
-2.48084
-1.50549
0.262148
1.6146
-1.45522
0.657693
0.334851
0.106533
0.717342
0.89698
0.632839
-0.455304
0.0106605
-0.0345271
-0.524444
-4.05077
1.84181
0.30494
0.345712
0.114673
-1.1591
-0.268716
0.508502
1.20064
-0.211698
-0.833103
-1.20572
0.950212
0.747425
-0.862867
-0.421806
1.06555
0.193227
1.98489
0.503007
0.155658
-0.179798
0.451147
-0.177984
-0.768712
0.908612
0.316889
0.478353
1.04292
-0.443293
-0.0457995
0.702567
-1.38374
1.00228
-0.198096
0.028745
0.339879
1.31556
-1.1458
0.131476
-0.0150644
0.241907
0.061623
0.196973
-0.705676
0.951401
-0.0503912
-1.37751
-0.0172861
-0.772963
0.612509
-1.46117
-1.4609
0.243783
-3.01457
-0.0163487
-1.18971
0.0198387
0.715842
-0.524058
-0.601193
2.44143
-0.440791
-0.780709
1.25362
1.17747
-0.016182
-1.38424
0.0920852
-0.561592
1.20289
1.07647
-1.4012
1.27345
1.21468
-0.213675
-0.841907
-1.34816
-0.806346
0.561318
-0.26186
-0.487965
1.91263
2.36469
-1.08452
-0.361747
0.865546
1.22618
1.23465
-1.11544
-0.468419
-0.405018
0.0597525
0.087846
1.86186
-0.01524
1.43354
-0.7002
1.21937
-0.0821936
-0.408991
-0.61212
0.276497
0.478399
0.903749
0.48518
0.6746
-0.379145
-0.0850008
0.0706733
1.48489
-1.13025
-0.817554
-1.33756
-0.435711
-1.52187
-0.321262
-0.227015
0.490602
0.537843
-0.569567
1.03131
-0.391309
1.51036
0.106189
-0.742483
0.288979
0.714459
0.226407
0.496833
0.97502
-0.0775588
-0.252711
2.30866
0.308033
-0.257101
-0.0124228
-1.3493
0.322402
-0.370866
-0.883713
-0.466589
0.598699
0.537852
-0.639309
0.56735
-2.23612
-0.966085
0.195911
-0.725328
-1.10651
0.452653
0.304591
-0.657584
-1.52425
0.957723
-0.222274
-0.52954
1.05478
-0.817657
0.627762
-0.979747
-0.410823
-0.334955
1.09503
1.71674
0.164442
0.957559
0.985187
0.853673
2.13083
-0.409341
-0.305287
-2.09212
0.492539
0.16978
-0.964899
-1.01752
0.19204
0.161961
-0.636104
-1.10393
1.21741
0.530511
0.601189
1.16183
-1.50299
-0.164362
1.89292
-0.780803
2.51505
-1.06733
-1.10924
-0.0429636
-1.77755
0.260435
0.690901
-0.345203
-0.716795
-0.190847
1.59256
-0.575207
-1.42206
-0.901868
-1.31877
-0.0677823
-1.33725
0.837418
-1.97827
-1.16149
-0.148199
0.0491573
0.847918
-0.0200984
-0.519423
-1.27594
1.64185
-1.40877
0.788861
0.913889
0.492856
0.822346
-1.40815
-1.28355
1.1627
-1.83088
1.15789
0.807013
0.822365
-0.410164
0.194269
0.199534
-0.629727
0.0286289
0.617254
1.45576
0.278462
-0.992355
0.845512
0.598209
-1.30232
0.704269
-0.354189
-0.554778
0.646392
0.63182
-1.19439
0.391743
0.0170069
-1.12117
-0.542831
-0.141309
-0.453706
-0.0179098
-0.0874607
0.00451701
0.126373
-0.543449
-0.273999
-0.135691
0.436837
1.73994
1.14237
-0.911468
2.22842
2.27168
-0.256546
-1.56774
0.245911
-2.69733
0.360938
0.173303
0.427642
0.170392
1.31672
-1.19329
-0.547649
-0.0526181
2.51881
0.0103909
1.20776
0.685726
0.548766
-0.945658
-0.465794
0.747509
-0.458729
-0.738654
0.602697
0.547318
0.20486
0.147532
1.07283
-0.793173
0.455969
-2.15564
1.47619
-0.293257
-0.278748
0.583839
-0.840906
-0.325812
-0.136226
-1.65066
0.728117
1.24558
0.432651
-0.58132
-0.875048
2.01637
-1.72852
-1.03065
1.22058
-0.788908
0.923347
0.394773
0.488398
0.362929
0.324908
0.175201
1.68666
0.166247
-0.106566
0.383577
2.17992
0.293918
0.886117
-0.943638
-0.746467
0.577096
0.252476
0.128934
2.31085
0.778316
1.7458
-1.31735
-0.942622
-1.02677
-1.12004
0.61586
0.449059
-1.60833
0.811855
1.12265
1.29001
-0.39205
-0.698881
0.819557
1.24848
0.107413
-1.68046
-0.324846
-1.30325
1.82825
0.541413
1.34434
0.279915
-1.18189
0.209225
0.516554
-0.655223
1.85331
-0.885831
-2.61863
1.28263
-0.187464
-0.353196
2.15415
-1.04413
-0.546421
1.01037
-0.885611
0.422166
0.320853
0.396185
0.564702
-0.0428485
-0.695909
0.14814
-1.24412
-2.00166
-1.00076
-1.96908
-1.18679
-0.0549779
0.0984885
-0.953843
-0.778234
0.742417
-0.339639
-1.20949
-1.0692
1.27012
0.111031
-0.992059
0.638376
0.794369
-0.642351
-0.686982
2.08281
-1.09138
-0.375186
-0.140032
1.1391
-2.69378
-0.785606
0.553649
-1.54945
2.32106
1.2466
0.151509
-0.72058
0.351102
1.58172
1.29391
-2.57567
0.219617
0.802679
-0.248972
-0.662408
-0.46108
-0.900831
-0.626792
1.17644
0.298098
0.527761
-1.77991
2.56295
-0.972398
-1.72488
0.775125
0.760129
-1.54993
0.860294
-0.8187
0.795685
-0.442384
-0.26256
0.341943
2.0237
1.11733
-0.159494
-1.7824
-0.273985
0.01038
1.4164
0.231406
-0.167672
0.813641
0.810547
0.677254
-0.916665
-0.787956
-0.298294
-1.26481
0.81801
0.141228
1.00448
1.22521
0.401621
1.22421
0.102133
-0.262223
-0.324041
0.326513
0.419798
-0.512496
-0.146112
0.855278
-0.000719996
1.25131
0.813368
0.900445
-0.0293456
0.947997
-1.2319
-1.17775
-0.732795
1.12205
-0.548607
2.66984
1.35373
0.0332042
0.172414
1.46429
1.19693
0.0439117
0.454588
-0.338821
0.0353241
0.978359
-1.14637
-1.66012
-1.12093
-1.9336
-1.60877
-1.60329
0.226791
1.20657
0.52015
-0.69731
0.910976
-0.525852
-1.68724
0.0199369
-0.927544
-0.906368
0.79495
-0.817036
2.40676
-0.444894
-1.18955
-2.44944
-0.0724801
-1.2421
0.116901
0.247323
0.83626
-1.94258
-0.836375
0.504303
1.5724
1.57641
-0.0782162
-0.181783
-1.44465
0.967265
0.764776
-1.7144
0.498686
-2.19612
-0.546422
0.670325
-0.0744747
-0.769159
1.33229
1.70172
-0.530197
-0.581616
-0.0494111
-0.600147
-0.337026
-0.772109
-0.111508
2.02688
-1.53329
0.697997
1.35362
0.738103
-0.674502
-0.00833878
1.43092
0.582891
1.36239
-0.402718
0.161756
-0.932458
-0.119759
-1.83966
-0.793922
-1.33837
0.419563
-0.614756
-1.8985
-0.11372
-0.272988
-0.394409
0.298106
-0.0552506
0.788997
-0.0668617
-0.721061
0.66763
1.2234
0.26406
0.668373
-0.303547
-1.01254
-1.23815
-0.521028
1.54695
-0.56995
0.928036
-2.15556
0.825461
-2.17335
0.21887
-1.42978
0.909917
-0.779348
-0.212002
-0.801845
0.323629
0.288777
0.871052
1.57969
0.345623
1.24975
0.00778455
-0.548696
0.553865
-0.241296
0.811538
1.15595
0.469044
-0.61308
-1.35112
0.333386
1.27821
-0.350715
0.650769
-0.504279
-1.90425
-1.73621
-1.24968
0.111428
-0.256208
0.582468
-1.22736
-0.139294
-1.7477
-2.14334
-0.0867373
-1.27881
0.357538
0.00756119
1.46784
-0.592882
0.00756855
0.90549
0.687823
0.921502
-0.974609
-0.216774
1.69834
0.88898
-0.675159
1.31979
-1.22121
0.478347
-0.888858
-0.17536
-0.741543
-0.669172
1.54945
-0.117055
1.41139
0.209129
-0.111901
1.20953
0.731737
-1.11802
-0.701625
-0.108474
2.35326
-0.043814
0.938995
0.705099
-0.0570257
0.56846
-1.29126
0.887031
1.52801
-0.986961
-1.71509
-0.261944
0.704601
1.57452
0.744298
-0.708606
0.398663
-1.27698
1.01837
-1.09259
-0.562766
-0.246485
-0.00727577
0.746786
-0.394323
1.98631
-1.07003
0.369571
0.475693
0.703919
1.89378
1.23082
-0.867825
0.962561
1.02041
-0.923282
-0.626975
0.306289
-0.181416
0.86218
0.234169
-1.93218
-1.19425
-0.15689
1.41229
-0.00875327
-0.151044
-0.299827
0.550043
-0.671347
0.154871
0.106701
-1.42527
0.610648
-1.06424
0.0613052
-0.66552
1.11661
0.430622
1.0738
1.50236
-0.231205
0.267204
1.24837
-1.16142
0.297916
0.793872
0.132237
-0.115735
-0.47125
1.19171
-1.37052
1.43455
-0.221713
-0.358992
0.904009
-1.02477
0.340137
-0.153056
0.178881
0.06664
1.2369
-0.224698
-0.0313702
-0.699117
-1.64681
0.184007
-0.101509
-0.363025
0.238682
0.596553
0.145812
-0.904492
-0.198465
-0.660131
0.565871
-1.04147
-0.113391
1.88587
1.17333
-0.478169
-0.0329809
-1.04898
0.872325
-1.63859
-2.92899
-0.280338
0.213729
-1.83904
0.266339
0.0878399
-0.0524448
-0.906305
-1.05769
0.579584
-0.564874
-0.0619139
-1.29982
-0.674897
-1.42409
1.28617
0.660212
-0.00347148
0.910222
0.230918
2.0631
-0.302388
0.110004
0.708625
1.95852
-0.184191
-1.06374
0.148779
-2.07664
0.0044827
0.59999
-0.414434
-0.038944
-1.30263
-0.34576
0.590085
-0.221821
0.211389
-0.45234
2.12911
-0.559257
-2.02039
-1.62429
1.03457
0.115226
0.334658
0.122057
1.9123
-0.0528941
-0.550175
-0.408379
0.648007
1.50223
-1.13923
-1.31725
-1.15927
0.911287
0.135054
-0.738202
-1.19422
-0.158384
-0.307374
-1.8249
1.73893
0.212335
-0.606987
-0.576558
-1.04203
0.960962
-0.218607
0.586896
1.20376
0.603995
0.190199
0.213381
0.242652
0.699617
-1.14228
2.28968
2.02472
-0.433834
0.0411828
-0.725062
-1.66667
0.675245
-2.05287
0.257486
1.04599
1.59287
-1.42138
-0.581364
-0.229522
-0.330353
1.0716
-1.47769
0.963393
-0.235882
-0.401514
2.15472
0.670496
-1.60657
0.202167
-1.01996
1.32625
0.270739
-0.611105
0.340973
0.553206
-0.345015
-0.701054
1.42617
1.25833
-0.156693
-0.321403
-0.641673
0.409988
-0.606965
-0.436866
-0.767617
0.595774
-0.556043
-0.714537
-0.636065
-0.215119
0.89697
2.07998
-0.361762
0.430703
-0.379527
-0.506497
-1.11146
0.706284
-0.309922
0.742136
-0.176833
-0.151632
0.892642
0.410125
-1.59479
0.521964
0.526954
1.20837
-0.00964959
0.917137
-0.107989
-0.248286
0.027109
-0.477902
0.533614
-1.35884
-0.398522
0.504136
-0.423941
1.07459
0.0636
-0.699667
0.465495
2.62419
0.0590004
-1.17549
3.02427
0.06133
0.344821
-2.15492
0.892793
0.889003
0.284331
1.61889
1.85394
0.256834
-0.762485
1.16556
0.00811188
4.32917
1.71768
1.04639
-0.00250544
1.02714
-0.767834
-0.631621
-1.20738
-1.70864
-0.855309
1.44628
-0.66394
0.605917
0.267382
-0.21691
-0.854302
0.488777
-0.685832
-0.339866
1.43879
-0.44659
1.69221
-2.72601
0.557168
-0.10473
0.758541
-0.478694
-0.180527
-0.247105
0.16402
1.87932
1.45711
1.31742
-1.27983
-0.00303266
0.0262457
-0.125016
-0.26798
-1.29435
-0.431428
1.91345
-0.154215
1.5083
-1.25186
-1.23556
-1.18093
0.577057
-1.19926
0.267262
1.13775
-0.800497
-0.43258
-0.0963973
-0.554933
-1.3105
2.09387
0.835163
-1.07741
1.28601
0.0467379
-0.262088
-0.345774
2.8166
-3.14374
1.19745
0.298733
0.0549966
0.114502
0.527749
-1.09626
0.414877
-0.365262
-0.236302
1.37992
-1.26216
0.260281
0.542706
-0.867647
-0.0595678
-0.99145
-0.703873
0.206846
-0.624909
1.02412
-0.0918244
-1.06433
0.154039
0.272982
-0.82108
1.7331
1.51186
-0.553423
-0.61452
1.25469
0.230005
-0.742673
-1.0608
1.43061
-0.857438
-0.338839
0.637646
-0.230123
0.312786
-0.520838
0.00713571
0.279858
-0.0805686
-1.34494
-0.992693
-0.760101
0.0944411
-0.069669
0.548971
0.280927
-2.10282
0.135344
0.823643
1.19884
-0.296084
0.00554532
0.820735
-0.780148
-1.21746
-0.442064
-0.546092
1.30772
-0.585088
0.634847
-1.49063
2.0405
0.00225708
-0.334573
-1.20715
0.73891
1.42938
-1.27301
0.317627
0.169875
-0.31689
-1.54876
-0.57919
-0.59862
-0.505652
-0.30628
-2.07821
0.94931
-1.20921
-2.60897
-1.6194
0.291234
-1.77101
-0.304505
-1.34345
0.567674
1.277
-1.39109
0.716424
-0.31101
-1.36135
0.321816
0.310761
0.218242
-1.23729
-0.477907
-0.582848
0.697177
-0.22502
-0.215628
-1.60126
-1.04726
1.08458
-0.392901
0.800302
0.0428745
-0.455175
0.0275794
0.183804
-0.160145
1.43849
-0.705624
-1.26004
1.26729
0.225105
0.932309
2.10303
-2.03319
0.175585
-0.190298
-0.580512
2.57021
0.257499
-1.4252
0.0544897
-0.0159058
-0.777634
-1.7692
-1.12847
0.358545
0.502313
1.36699
-0.267371
-1.21877
-0.426381
-0.593744
-1.99037
1.3465
-0.925552
-0.219935
0.362524
-0.190609
1.01828
1.60532
-0.353519
0.350934
-0.659993
-0.474858
0.948094
1.18173
-1.11258
0.757643
-0.213867
1.61919
0.224584
-1.27879
-0.115177
-0.800877
0.563453
-0.0343052
0.88648
0.129879
0.0783238
1.47669
0.5309
-1.5977
-2.52452
-0.414083
1.69825
-1.74334
1.19904
0.313319
1.00714
-1.3439
-1.06071
-1.24286
-0.582649
-0.833847
0.420257
0.403754
0.0592277
-0.205733
-0.54502
-2.95445
0.568002
0.880293
0.0352898
-0.78623
0.026336
0.526772
0.823162
1.34876
0.451105
-0.954052
-0.206952
-1.13848
-0.920881
-1.857
-1.52513
0.922635
-0.850861
-0.799296
1.12443
0.980473
0.80131
1.23509
-0.951075
0.113542
0.411596
1.39936
-0.46639
-0.208013
1.16037
-1.14323
-0.615899
1.36887
0.634976
-0.491327
0.000279135
0.0779102
-0.464194
-0.476124
0.040403
1.7397
-0.522892
0.612526
0.742809
-0.00184007
0.102033
0.839335
0.756429
1.32391
0.513483
0.0702453
1.11478
-0.487082
0.790512
-0.783284
0.537864
0.0789244
-1.79659
0.137457
-1.52026
0.574916
1.95157
0.606536
0.359868
-2.12872
0.211537
1.32751
-0.601255
-0.959237
0.401788
-3.77154
-1.37899
-1.09604
-0.993097
0.174016
-2.10322
-0.42282
0.217224
-0.137237
0.143185
-0.363726
0.809814
-2.12967
0.0447932
0.463494
-1.2359
-0.791922
1.38798
-0.45643
0.0262616
-0.419422
-0.288292
-0.111567
0.504809
-0.13988
0.41016
0.304536
-0.74895
-1.29895
1.08115
-3.58936
0.0825264
-1.17574
-0.450125
0.711743
-1.05928
-1.25799
0.248
1.16216
-0.0225845
2.14453
0.937236
-0.341864
0.273175
0.490309
-0.184815
0.482819
0.610688
2.35622
0.519674
1.17834
0.900892
-0.56937
0.437747
1.32528
0.0507774
0.488653
0.41121
2.21606
0.528232
0.381653
-1.35559
-1.61053
-0.00910012
-0.91177
0.48636
-0.333296
-1.96723
0.169716
-2.17446
0.29517
-0.0196248
0.0206961
1.0932
-0.404187
0.252624
2.35042
0.544291
-0.560627
0.58655
-0.18958
-1.28139
1.69483
0.276101
0.845888
0.857016
-2.15507
0.0688399
-0.483046
-0.907864
0.535117
-0.613065
0.929217
-1.04073
0.30643
0.143151
0.60857
-0.180961
-0.288397
-0.399629
0.248873
0.595937
0.931698
0.0337393
-0.567805
-1.18188
-1.04834
-0.259226
-1.06231
0.466586
0.00424325
1.06328
-0.53603
0.12922
-0.885159
-0.217199
1.30866
-0.529003
0.312651
-0.714007
0.583211
2.00764
0.689745
0.242807
0.197828
-0.476785
0.475378
-0.583566
-0.207174
-0.0681987
0.674641
0.390328
-0.302563
0.433937
1.21733
-0.327813
0.646665
-0.0216717
-0.575912
-1.69565
-0.367682
-0.362823
0.789982
0.847162
0.446525
-0.26572
0.834016
-1.48162
-2.28619
-1.52471
-0.502082
0.859649
-0.561423
-0.480158
0.235484
-0.482767
0.534518
0.220576
1.08399
0.0723096
0.561167
-1.08978
-0.898092
0.127482
-0.466324
1.11874
0.075251
-0.372774
-0.762322
1.33697
1.71231
0.587524
1.86231
0.133604
-1.01469
-0.352868
-0.0751858
0.326499
0.0767931
-2.09576
-0.193151
0.141805
-0.208229
1.91526
0.159991
-0.92305
-0.638922
0.919888
-0.0247961
0.725772
-0.507317
1.31172
0.0688536
0.465046
1.44085
0.249016
0.13195
-0.465229
0.811304
-1.20247
0.1384
1.89243
-0.418579
0.472747
-0.855259
0.235555
0.330504
-0.149827
-1.04593
-0.824426
-0.354922
-0.638813
-0.15178
0.511211
-1.41527
-0.834984
-0.749664
-0.373758
-3.25805
1.02847
0.5953
0.800232
0.771751
-0.0561992
-1.06674
-0.430636
2.28702
-0.702803
0.559552
-1.17427
-0.437748
0.880284
-1.07453
0.227984
-0.904402
-0.110964
1.14579
1.82144
0.0509595
-0.0910533
-0.130222
0.0760217
1.23283
-0.0258624
-0.135309
0.223129
0.691884
0.640199
-0.262249
1.06352
0.158945
0.0118982
1.84001
0.242235
0.623856
0.970541
0.745881
0.630233
1.10793
-1.16859
0.876287
-0.663299
0.290671
-0.306398
0.457961
-0.406483
-0.579632
-1.51265
-0.432183
1.7984
0.303382
-0.101228
0.279866
0.363638
-1.97663
-0.285723
-1.06018
0.0201994
0.252015
1.07725
-0.796079
-0.978795
0.471602
-0.0723674
0.704624
0.558009
-0.0904342
0.646667
0.525383
-0.0614718
-0.673016
0.668333
-0.200917
-2.16289
-0.999213
-0.345698
1.0896
-0.947405
1.0767
1.16736
1.22725
-0.72378
-0.999747
-0.493584
-1.2633
1.10121
-1.65602
-0.629688
0.0498061
1.09943
0.537696
-0.872836
0.965342
-0.184048
0.107087
1.21699
1.37989
0.396994
-0.981514
1.07747
1.45107
-1.08791
0.502033
-0.554632
-0.271358
1.06633
-0.234086
-0.763098
1.69592
0.547497
0.857257
0.712802
1.43483
-3.17255
-0.872695
-0.514564
-0.403137
0.676648
-0.613646
0.23756
0.307688
-0.037595
-0.542063
-0.970791
0.628317
-0.34341
1.30304
-1.15824
-0.472288
-1.11298
0.365389
0.476013
1.64626
0.885555
-0.729813
2.11154
2.15978
-1.55449
-2.76206
0.0921164
-0.399194
-1.24181
-0.729429
-1.30235
0.845125
-0.065448
0.371797
1.36347
0.484005
1.77088
-0.85128
-0.172967
0.946602
-0.55252
-0.29186
0.939036
0.406773
-0.885328
3.41478
